1 0 -4
10 0 4
100 0 4
899 0 -4
0 1 -4
2 1 4
11 1 4
101 1 4
900 1 4
1 2 4
3 2 4
12 2 4
102 2 -4
901 2 -4
2 3 4
4 3 -4
13 3 -4
103 3 -4
902 3 4
3 4 -4
5 4 -4
14 4 4
104 4 -4
903 4 -4
4 5 -4
6 5 4
15 5 4
105 5 -4
904 5 -4
5 6 4
7 6 -4
16 6 -4
106 6 -4
905 6 4
6 7 -4
8 7 -4
17 7 4
107 7 -4
906 7 -4
7 8 -4
9 8 -4
18 8 4
108 8 4
907 8 4
8 9 -4
19 9 4
109 9 -4
908 9 -4
0 10 4
11 10 -4
20 10 4
110 10 4
909 10 -4
1 11 4
10 11 -4
12 11 4
21 11 4
111 11 4
910 11 4
2 12 4
11 12 4
13 12 -4
22 12 -4
112 12 -4
911 12 4
3 13 -4
12 13 -4
14 13 4
23 13 -4
113 13 4
912 13 -4
4 14 4
13 14 4
15 14 -4
24 14 4
114 14 -4
913 14 4
5 15 4
14 15 -4
16 15 4
25 15 -4
115 15 4
914 15 -4
6 16 -4
15 16 4
17 16 4
26 16 4
116 16 -4
915 16 -4
7 17 4
16 17 4
18 17 4
27 17 4
117 17 -4
916 17 4
8 18 4
17 18 4
19 18 4
28 18 -4
118 18 -4
917 18 -4
9 19 4
18 19 4
29 19 -4
119 19 4
918 19 4
10 20 4
21 20 -4
30 20 -4
120 20 -4
919 20 -4
11 21 4
20 21 -4
22 21 -4
31 21 4
121 21 4
920 21 4
12 22 -4
21 22 -4
23 22 -4
32 22 4
122 22 4
921 22 -4
13 23 -4
22 23 -4
24 23 -4
33 23 -4
123 23 4
922 23 -4
14 24 4
23 24 -4
25 24 -4
34 24 -4
124 24 -4
923 24 -4
15 25 -4
24 25 -4
26 25 4
35 25 -4
125 25 -4
924 25 4
16 26 4
25 26 4
27 26 4
36 26 4
126 26 4
925 26 -4
17 27 4
26 27 4
28 27 -4
37 27 4
127 27 4
926 27 4
18 28 -4
27 28 -4
29 28 4
38 28 4
128 28 4
927 28 -4
19 29 -4
28 29 4
39 29 4
129 29 -4
928 29 4
20 30 -4
31 30 -4
40 30 -4
130 30 -4
929 30 -4
21 31 4
30 31 -4
32 31 4
41 31 4
131 31 4
930 31 4
22 32 4
31 32 4
33 32 -4
42 32 4
132 32 4
931 32 4
23 33 -4
32 33 -4
34 33 -4
43 33 4
133 33 4
932 33 4
24 34 -4
33 34 -4
35 34 4
44 34 -4
134 34 4
933 34 -4
25 35 -4
34 35 4
36 35 4
45 35 4
135 35 4
934 35 -4
26 36 4
35 36 4
37 36 4
46 36 4
136 36 -4
935 36 -4
27 37 4
36 37 4
38 37 -4
47 37 4
137 37 4
936 37 -4
28 38 4
37 38 -4
39 38 4
48 38 -4
138 38 4
937 38 -4
29 39 4
38 39 4
49 39 -4
139 39 -4
938 39 -4
30 40 -4
41 40 -4
50 40 4
140 40 -4
939 40 4
31 41 4
40 41 -4
42 41 4
51 41 -4
141 41 -4
940 41 -4
32 42 4
41 42 4
43 42 4
52 42 -4
142 42 -4
941 42 -4
33 43 4
42 43 4
44 43 4
53 43 4
143 43 -4
942 43 4
34 44 -4
43 44 4
45 44 4
54 44 4
144 44 4
943 44 4
35 45 4
44 45 4
46 45 4
55 45 4
145 45 4
944 45 -4
36 46 4
45 46 4
47 46 -4
56 46 4
146 46 4
945 46 4
37 47 4
46 47 -4
48 47 -4
57 47 4
147 47 -4
946 47 -4
38 48 -4
47 48 -4
49 48 4
58 48 4
148 48 4
947 48 -4
39 49 -4
48 49 4
59 49 -4
149 49 4
948 49 4
40 50 4
51 50 -4
60 50 4
150 50 4
949 50 -4
41 51 -4
50 51 -4
52 51 4
61 51 4
151 51 -4
950 51 -4
42 52 -4
51 52 4
53 52 -4
62 52 4
152 52 -4
951 52 -4
43 53 4
52 53 -4
54 53 -4
63 53 -4
153 53 4
952 53 4
44 54 4
53 54 -4
55 54 -4
64 54 4
154 54 4
953 54 4
45 55 4
54 55 -4
56 55 -4
65 55 4
155 55 -4
954 55 4
46 56 4
55 56 -4
57 56 4
66 56 4
156 56 -4
955 56 4
47 57 4
56 57 4
58 57 4
67 57 4
157 57 -4
956 57 4
48 58 4
57 58 4
59 58 -4
68 58 -4
158 58 4
957 58 4
49 59 -4
58 59 -4
69 59 -4
159 59 4
958 59 -4
50 60 4
61 60 4
70 60 4
160 60 4
959 60 4
51 61 4
60 61 4
62 61 4
71 61 4
161 61 -4
960 61 -4
52 62 4
61 62 4
63 62 4
72 62 -4
162 62 -4
961 62 4
53 63 -4
62 63 4
64 63 -4
73 63 -4
163 63 4
962 63 -4
54 64 4
63 64 -4
65 64 -4
74 64 -4
164 64 4
963 64 -4
55 65 4
64 65 -4
66 65 -4
75 65 -4
165 65 4
964 65 4
56 66 4
65 66 -4
67 66 -4
76 66 4
166 66 -4
965 66 4
57 67 4
66 67 -4
68 67 4
77 67 -4
167 67 -4
966 67 4
58 68 -4
67 68 4
69 68 4
78 68 4
168 68 4
967 68 4
59 69 -4
68 69 4
79 69 -4
169 69 4
968 69 4
60 70 4
71 70 4
80 70 -4
170 70 -4
969 70 -4
61 71 4
70 71 4
72 71 -4
81 71 4
171 71 4
970 71 -4
62 72 -4
71 72 -4
73 72 -4
82 72 -4
172 72 4
971 72 4
63 73 -4
72 73 -4
74 73 -4
83 73 -4
173 73 -4
972 73 4
64 74 -4
73 74 -4
75 74 4
84 74 4
174 74 -4
973 74 -4
65 75 -4
74 75 4
76 75 -4
85 75 4
175 75 4
974 75 -4
66 76 4
75 76 -4
77 76 4
86 76 4
176 76 4
975 76 4
67 77 -4
76 77 4
78 77 4
87 77 4
177 77 -4
976 77 -4
68 78 4
77 78 4
79 78 4
88 78 4
178 78 4
977 78 4
69 79 -4
78 79 4
89 79 -4
179 79 4
978 79 4
70 80 -4
81 80 4
90 80 -4
180 80 4
979 80 -4
71 81 4
80 81 4
82 81 -4
91 81 -4
181 81 4
980 81 -4
72 82 -4
81 82 -4
83 82 -4
92 82 4
182 82 4
981 82 4
73 83 -4
82 83 -4
84 83 4
93 83 4
183 83 -4
982 83 -4
74 84 4
83 84 4
85 84 4
94 84 4
184 84 -4
983 84 4
75 85 4
84 85 4
86 85 -4
95 85 -4
185 85 4
984 85 4
76 86 4
85 86 -4
87 86 -4
96 86 -4
186 86 4
985 86 -4
77 87 4
86 87 -4
88 87 4
97 87 -4
187 87 4
986 87 4
78 88 4
87 88 4
89 88 -4
98 88 4
188 88 4
987 88 4
79 89 -4
88 89 -4
99 89 4
189 89 4
988 89 -4
80 90 -4
91 90 -4
190 90 4
989 90 -4
81 91 -4
90 91 -4
92 91 -4
191 91 -4
990 91 4
82 92 4
91 92 -4
93 92 4
192 92 4
991 92 -4
83 93 4
92 93 4
94 93 4
193 93 -4
992 93 4
84 94 4
93 94 4
95 94 -4
194 94 4
993 94 -4
85 95 -4
94 95 -4
96 95 4
195 95 -4
994 95 -4
86 96 -4
95 96 4
97 96 4
196 96 -4
995 96 -4
87 97 -4
96 97 4
98 97 4
197 97 -4
996 97 -4
88 98 4
97 98 4
99 98 4
198 98 4
997 98 -4
89 99 4
98 99 4
199 99 -4
998 99 4
0 100 4
101 100 4
110 100 4
200 100 4
1 101 4
100 101 4
102 101 4
111 101 -4
201 101 -4
2 102 -4
101 102 4
103 102 -4
112 102 4
202 102 -4
3 103 -4
102 103 -4
104 103 4
113 103 4
203 103 -4
4 104 -4
103 104 4
105 104 4
114 104 4
204 104 -4
5 105 -4
104 105 4
106 105 -4
115 105 4
205 105 -4
6 106 -4
105 106 -4
107 106 -4
116 106 4
206 106 4
7 107 -4
106 107 -4
108 107 4
117 107 4
207 107 -4
8 108 4
107 108 4
109 108 -4
118 108 -4
208 108 4
9 109 -4
108 109 -4
119 109 -4
209 109 -4
10 110 4
100 110 4
111 110 4
120 110 -4
210 110 4
11 111 4
101 111 -4
110 111 4
112 111 4
121 111 4
211 111 -4
12 112 -4
102 112 4
111 112 4
113 112 4
122 112 4
212 112 4
13 113 4
103 113 4
112 113 4
114 113 4
123 113 4
213 113 -4
14 114 -4
104 114 4
113 114 4
115 114 -4
124 114 -4
214 114 -4
15 115 4
105 115 4
114 115 -4
116 115 -4
125 115 -4
215 115 4
16 116 -4
106 116 4
115 116 -4
117 116 -4
126 116 -4
216 116 -4
17 117 -4
107 117 4
116 117 -4
118 117 4
127 117 4
217 117 4
18 118 -4
108 118 -4
117 118 4
119 118 -4
128 118 4
218 118 4
19 119 4
109 119 -4
118 119 -4
129 119 4
219 119 -4
20 120 -4
110 120 -4
121 120 4
130 120 4
220 120 -4
21 121 4
111 121 4
120 121 4
122 121 4
131 121 4
221 121 -4
22 122 4
112 122 4
121 122 4
123 122 4
132 122 -4
222 122 4
23 123 4
113 123 4
122 123 4
124 123 4
133 123 -4
223 123 -4
24 124 -4
114 124 -4
123 124 4
125 124 4
134 124 -4
224 124 -4
25 125 -4
115 125 -4
124 125 4
126 125 -4
135 125 4
225 125 -4
26 126 4
116 126 -4
125 126 -4
127 126 -4
136 126 -4
226 126 -4
27 127 4
117 127 4
126 127 -4
128 127 -4
137 127 -4
227 127 4
28 128 4
118 128 4
127 128 -4
129 128 -4
138 128 -4
228 128 -4
29 129 -4
119 129 4
128 129 -4
139 129 -4
229 129 4
30 130 -4
120 130 4
131 130 4
140 130 -4
230 130 4
31 131 4
121 131 4
130 131 4
132 131 -4
141 131 4
231 131 4
32 132 4
122 132 -4
131 132 -4
133 132 4
142 132 4
232 132 -4
33 133 4
123 133 -4
132 133 4
134 133 -4
143 133 -4
233 133 -4
34 134 4
124 134 -4
133 134 -4
135 134 4
144 134 -4
234 134 4
35 135 4
125 135 4
134 135 4
136 135 -4
145 135 -4
235 135 -4
36 136 -4
126 136 -4
135 136 -4
137 136 4
146 136 4
236 136 -4
37 137 4
127 137 -4
136 137 4
138 137 -4
147 137 4
237 137 -4
38 138 4
128 138 -4
137 138 -4
139 138 4
148 138 -4
238 138 -4
39 139 -4
129 139 -4
138 139 4
149 139 -4
239 139 -4
40 140 -4
130 140 -4
141 140 4
150 140 -4
240 140 4
41 141 -4
131 141 4
140 141 4
142 141 -4
151 141 4
241 141 -4
42 142 -4
132 142 4
141 142 -4
143 142 4
152 142 4
242 142 -4
43 143 -4
133 143 -4
142 143 4
144 143 -4
153 143 4
243 143 4
44 144 4
134 144 -4
143 144 -4
145 144 -4
154 144 4
244 144 -4
45 145 4
135 145 -4
144 145 -4
146 145 -4
155 145 4
245 145 4
46 146 4
136 146 4
145 146 -4
147 146 4
156 146 4
246 146 -4
47 147 -4
137 147 4
146 147 4
148 147 -4
157 147 4
247 147 4
48 148 4
138 148 -4
147 148 -4
149 148 -4
158 148 -4
248 148 4
49 149 4
139 149 -4
148 149 -4
159 149 4
249 149 -4
50 150 4
140 150 -4
151 150 4
160 150 -4
250 150 4
51 151 -4
141 151 4
150 151 4
152 151 -4
161 151 4
251 151 4
52 152 -4
142 152 4
151 152 -4
153 152 -4
162 152 4
252 152 -4
53 153 4
143 153 4
152 153 -4
154 153 4
163 153 4
253 153 4
54 154 4
144 154 4
153 154 4
155 154 4
164 154 -4
254 154 -4
55 155 -4
145 155 4
154 155 4
156 155 4
165 155 -4
255 155 -4
56 156 -4
146 156 4
155 156 4
157 156 4
166 156 -4
256 156 -4
57 157 -4
147 157 4
156 157 4
158 157 -4
167 157 -4
257 157 -4
58 158 4
148 158 -4
157 158 -4
159 158 4
168 158 -4
258 158 4
59 159 4
149 159 4
158 159 4
169 159 4
259 159 4
60 160 4
150 160 -4
161 160 4
170 160 -4
260 160 -4
61 161 -4
151 161 4
160 161 4
162 161 4
171 161 -4
261 161 -4
62 162 -4
152 162 4
161 162 4
163 162 -4
172 162 -4
262 162 -4
63 163 4
153 163 4
162 163 -4
164 163 -4
173 163 4
263 163 -4
64 164 4
154 164 -4
163 164 -4
165 164 4
174 164 4
264 164 4
65 165 4
155 165 -4
164 165 4
166 165 -4
175 165 -4
265 165 -4
66 166 -4
156 166 -4
165 166 -4
167 166 4
176 166 4
266 166 4
67 167 -4
157 167 -4
166 167 4
168 167 -4
177 167 -4
267 167 -4
68 168 4
158 168 -4
167 168 -4
169 168 -4
178 168 4
268 168 -4
69 169 4
159 169 4
168 169 -4
179 169 4
269 169 -4
70 170 -4
160 170 -4
171 170 -4
180 170 4
270 170 -4
71 171 4
161 171 -4
170 171 -4
172 171 -4
181 171 -4
271 171 -4
72 172 4
162 172 -4
171 172 -4
173 172 4
182 172 -4
272 172 -4
73 173 -4
163 173 4
172 173 4
174 173 -4
183 173 -4
273 173 -4
74 174 -4
164 174 4
173 174 -4
175 174 4
184 174 4
274 174 -4
75 175 4
165 175 -4
174 175 4
176 175 -4
185 175 4
275 175 4
76 176 4
166 176 4
175 176 -4
177 176 -4
186 176 4
276 176 4
77 177 -4
167 177 -4
176 177 -4
178 177 4
187 177 -4
277 177 -4
78 178 4
168 178 4
177 178 4
179 178 4
188 178 -4
278 178 4
79 179 4
169 179 4
178 179 4
189 179 -4
279 179 -4
80 180 4
170 180 4
181 180 4
190 180 -4
280 180 4
81 181 4
171 181 -4
180 181 4
182 181 -4
191 181 -4
281 181 -4
82 182 4
172 182 -4
181 182 -4
183 182 -4
192 182 4
282 182 4
83 183 -4
173 183 -4
182 183 -4
184 183 4
193 183 -4
283 183 -4
84 184 -4
174 184 4
183 184 4
185 184 -4
194 184 -4
284 184 4
85 185 4
175 185 4
184 185 -4
186 185 -4
195 185 4
285 185 -4
86 186 4
176 186 4
185 186 -4
187 186 -4
196 186 -4
286 186 -4
87 187 4
177 187 -4
186 187 -4
188 187 4
197 187 4
287 187 4
88 188 4
178 188 -4
187 188 4
189 188 4
198 188 4
288 188 -4
89 189 4
179 189 -4
188 189 4
199 189 4
289 189 4
90 190 4
180 190 -4
191 190 -4
290 190 -4
91 191 -4
181 191 -4
190 191 -4
192 191 4
291 191 4
92 192 4
182 192 4
191 192 4
193 192 -4
292 192 -4
93 193 -4
183 193 -4
192 193 -4
194 193 -4
293 193 4
94 194 4
184 194 -4
193 194 -4
195 194 4
95 195 -4
185 195 4
194 195 4
196 195 4
294 195 -4
96 196 -4
186 196 -4
195 196 4
197 196 4
295 196 -4
97 197 -4
187 197 4
196 197 4
198 197 4
296 197 4
98 198 4
188 198 4
197 198 4
199 198 -4
297 198 -4
99 199 -4
189 199 4
198 199 -4
298 199 4
100 200 4
201 200 4
210 200 -4
299 200 4
101 201 -4
200 201 4
202 201 4
211 201 -4
300 201 4
102 202 -4
201 202 4
203 202 -4
212 202 -4
301 202 4
103 203 -4
202 203 -4
204 203 -4
213 203 4
302 203 -4
104 204 -4
203 204 -4
205 204 4
214 204 -4
303 204 4
105 205 -4
204 205 4
206 205 4
215 205 -4
304 205 -4
106 206 4
205 206 4
207 206 -4
216 206 -4
305 206 4
107 207 -4
206 207 -4
208 207 4
217 207 4
306 207 -4
108 208 4
207 208 4
209 208 4
218 208 4
307 208 4
109 209 -4
208 209 4
219 209 -4
308 209 -4
110 210 4
200 210 -4
211 210 -4
220 210 4
309 210 4
111 211 -4
201 211 -4
210 211 -4
212 211 -4
221 211 4
310 211 -4
112 212 4
202 212 -4
211 212 -4
213 212 -4
222 212 4
311 212 -4
113 213 -4
203 213 4
212 213 -4
214 213 4
223 213 -4
312 213 4
114 214 -4
204 214 -4
213 214 4
215 214 4
224 214 -4
313 214 -4
115 215 4
205 215 -4
214 215 4
216 215 4
225 215 -4
314 215 4
116 216 -4
206 216 -4
215 216 4
217 216 4
226 216 4
315 216 4
117 217 4
207 217 4
216 217 4
218 217 4
227 217 4
316 217 -4
118 218 4
208 218 4
217 218 4
219 218 4
228 218 4
317 218 4
119 219 -4
209 219 -4
218 219 4
229 219 -4
318 219 -4
120 220 -4
210 220 4
221 220 -4
230 220 4
319 220 4
121 221 -4
211 221 4
220 221 -4
222 221 4
231 221 -4
320 221 4
122 222 4
212 222 4
221 222 4
223 222 4
232 222 4
321 222 4
123 223 -4
213 223 -4
222 223 4
224 223 -4
233 223 4
322 223 -4
124 224 -4
214 224 -4
223 224 -4
225 224 4
234 224 -4
323 224 4
125 225 -4
215 225 -4
224 225 4
226 225 -4
235 225 -4
324 225 -4
126 226 -4
216 226 4
225 226 -4
227 226 -4
236 226 4
325 226 -4
127 227 4
217 227 4
226 227 -4
228 227 -4
237 227 4
326 227 4
128 228 -4
218 228 4
227 228 -4
229 228 4
238 228 4
327 228 4
129 229 4
219 229 -4
228 229 4
239 229 -4
328 229 4
130 230 4
220 230 4
231 230 4
240 230 -4
329 230 4
131 231 4
221 231 -4
230 231 4
232 231 4
241 231 4
330 231 4
132 232 -4
222 232 4
231 232 4
233 232 -4
242 232 -4
331 232 -4
133 233 -4
223 233 4
232 233 -4
234 233 -4
243 233 4
332 233 -4
134 234 4
224 234 -4
233 234 -4
235 234 4
244 234 4
333 234 -4
135 235 -4
225 235 -4
234 235 4
236 235 -4
245 235 4
334 235 -4
136 236 -4
226 236 4
235 236 -4
237 236 4
246 236 4
335 236 4
137 237 -4
227 237 4
236 237 4
238 237 -4
247 237 -4
336 237 4
138 238 -4
228 238 4
237 238 -4
239 238 -4
248 238 4
337 238 4
139 239 -4
229 239 -4
238 239 -4
249 239 -4
338 239 -4
140 240 4
230 240 -4
241 240 4
250 240 4
339 240 4
141 241 -4
231 241 4
240 241 4
242 241 4
251 241 4
340 241 4
142 242 -4
232 242 -4
241 242 4
243 242 -4
252 242 -4
341 242 4
143 243 4
233 243 4
242 243 -4
244 243 4
253 243 4
342 243 -4
144 244 -4
234 244 4
243 244 4
245 244 4
254 244 -4
343 244 4
145 245 4
235 245 4
244 245 4
246 245 4
255 245 -4
344 245 4
146 246 -4
236 246 4
245 246 4
247 246 -4
256 246 -4
345 246 4
147 247 4
237 247 -4
246 247 -4
248 247 4
257 247 4
346 247 4
148 248 4
238 248 4
247 248 4
249 248 -4
258 248 -4
347 248 4
149 249 -4
239 249 -4
248 249 -4
259 249 4
348 249 -4
150 250 4
240 250 4
251 250 -4
260 250 4
349 250 -4
151 251 4
241 251 4
250 251 -4
252 251 -4
261 251 -4
350 251 4
152 252 -4
242 252 -4
251 252 -4
253 252 4
262 252 4
351 252 4
153 253 4
243 253 4
252 253 4
254 253 4
263 253 4
352 253 -4
154 254 -4
244 254 -4
253 254 4
255 254 4
264 254 -4
353 254 4
155 255 -4
245 255 -4
254 255 4
256 255 -4
265 255 4
354 255 4
156 256 -4
246 256 -4
255 256 -4
257 256 4
266 256 -4
355 256 4
157 257 -4
247 257 4
256 257 4
258 257 -4
267 257 -4
356 257 4
158 258 4
248 258 -4
257 258 -4
259 258 -4
268 258 -4
357 258 -4
159 259 4
249 259 4
258 259 -4
269 259 4
358 259 4
160 260 -4
250 260 4
261 260 -4
270 260 4
359 260 -4
161 261 -4
251 261 -4
260 261 -4
262 261 4
271 261 4
360 261 4
162 262 -4
252 262 4
261 262 4
263 262 4
272 262 4
361 262 4
163 263 -4
253 263 4
262 263 4
264 263 -4
273 263 4
362 263 4
164 264 4
254 264 -4
263 264 -4
265 264 -4
274 264 -4
363 264 -4
165 265 -4
255 265 4
264 265 -4
266 265 4
275 265 -4
364 265 -4
166 266 4
256 266 -4
265 266 4
267 266 -4
276 266 4
365 266 4
167 267 -4
257 267 -4
266 267 -4
268 267 4
277 267 -4
366 267 4
168 268 -4
258 268 -4
267 268 4
269 268 4
278 268 -4
367 268 4
169 269 -4
259 269 4
268 269 4
279 269 -4
368 269 -4
170 270 -4
260 270 4
271 270 -4
280 270 -4
369 270 -4
171 271 -4
261 271 4
270 271 -4
272 271 -4
281 271 4
370 271 4
172 272 -4
262 272 4
271 272 -4
273 272 4
282 272 4
371 272 4
173 273 -4
263 273 4
272 273 4
274 273 -4
283 273 -4
372 273 4
174 274 -4
264 274 -4
273 274 -4
275 274 4
284 274 -4
373 274 -4
175 275 4
265 275 -4
274 275 4
276 275 -4
285 275 4
374 275 4
176 276 4
266 276 4
275 276 -4
277 276 -4
286 276 -4
375 276 4
177 277 -4
267 277 -4
276 277 -4
278 277 4
287 277 -4
376 277 -4
178 278 4
268 278 -4
277 278 4
279 278 -4
288 278 -4
377 278 -4
179 279 -4
269 279 -4
278 279 -4
289 279 4
378 279 4
180 280 4
270 280 -4
281 280 4
290 280 -4
379 280 -4
181 281 -4
271 281 4
280 281 4
282 281 4
291 281 -4
380 281 -4
182 282 4
272 282 4
281 282 4
283 282 4
292 282 -4
381 282 4
183 283 -4
273 283 -4
282 283 4
284 283 4
293 283 -4
382 283 -4
184 284 4
274 284 -4
283 284 4
285 284 4
383 284 -4
185 285 -4
275 285 4
284 285 4
286 285 4
294 285 4
384 285 4
186 286 -4
276 286 -4
285 286 4
287 286 -4
295 286 -4
385 286 -4
187 287 4
277 287 -4
286 287 -4
288 287 4
296 287 -4
386 287 4
188 288 -4
278 288 -4
287 288 4
289 288 4
297 288 -4
387 288 4
189 289 4
279 289 4
288 289 4
298 289 -4
388 289 -4
190 290 -4
280 290 -4
291 290 4
389 290 4
191 291 4
281 291 -4
290 291 4
292 291 4
390 291 4
192 292 -4
282 292 -4
291 292 4
293 292 -4
391 292 -4
193 293 4
283 293 -4
292 293 -4
392 293 -4
195 294 -4
285 294 4
295 294 4
394 294 4
196 295 -4
286 295 -4
294 295 4
296 295 4
395 295 -4
197 296 4
287 296 -4
295 296 4
297 296 -4
396 296 4
198 297 -4
288 297 -4
296 297 -4
298 297 4
397 297 -4
199 298 4
289 298 -4
297 298 4
398 298 -4
200 299 4
300 299 4
309 299 -4
399 299 -4
201 300 4
299 300 4
301 300 -4
310 300 -4
400 300 4
202 301 4
300 301 -4
302 301 -4
311 301 4
401 301 4
203 302 -4
301 302 -4
303 302 -4
312 302 4
402 302 -4
204 303 4
302 303 -4
304 303 -4
313 303 4
403 303 -4
205 304 -4
303 304 -4
305 304 -4
314 304 4
404 304 4
206 305 4
304 305 -4
306 305 -4
315 305 -4
405 305 -4
207 306 -4
305 306 -4
307 306 4
316 306 4
406 306 4
208 307 4
306 307 4
308 307 -4
317 307 -4
407 307 4
209 308 -4
307 308 -4
318 308 -4
408 308 4
210 309 4
299 309 -4
310 309 -4
319 309 4
409 309 -4
211 310 -4
300 310 -4
309 310 -4
311 310 4
320 310 4
410 310 -4
212 311 -4
301 311 4
310 311 4
312 311 -4
321 311 -4
411 311 -4
213 312 4
302 312 4
311 312 -4
313 312 4
322 312 -4
412 312 -4
214 313 -4
303 313 4
312 313 4
314 313 4
323 313 4
413 313 4
215 314 4
304 314 4
313 314 4
315 314 4
324 314 4
414 314 4
216 315 4
305 315 -4
314 315 4
316 315 -4
325 315 4
415 315 4
217 316 -4
306 316 4
315 316 -4
317 316 4
326 316 -4
416 316 -4
218 317 4
307 317 -4
316 317 4
318 317 -4
327 317 4
417 317 4
219 318 -4
308 318 -4
317 318 -4
328 318 -4
418 318 -4
220 319 4
309 319 4
320 319 -4
329 319 4
419 319 -4
221 320 4
310 320 4
319 320 -4
321 320 4
330 320 4
420 320 4
222 321 4
311 321 -4
320 321 4
322 321 -4
331 321 -4
421 321 4
223 322 -4
312 322 -4
321 322 -4
323 322 4
332 322 4
422 322 -4
224 323 4
313 323 4
322 323 4
324 323 4
333 323 4
423 323 -4
225 324 -4
314 324 4
323 324 4
325 324 -4
334 324 4
424 324 4
226 325 -4
315 325 4
324 325 -4
326 325 4
335 325 4
425 325 4
227 326 4
316 326 -4
325 326 4
327 326 4
336 326 4
426 326 -4
228 327 4
317 327 4
326 327 4
328 327 4
337 327 4
427 327 -4
229 328 4
318 328 -4
327 328 4
338 328 4
428 328 4
230 329 4
319 329 4
330 329 -4
339 329 -4
429 329 -4
231 330 4
320 330 4
329 330 -4
331 330 -4
340 330 -4
430 330 4
232 331 -4
321 331 -4
330 331 -4
332 331 4
341 331 4
431 331 -4
233 332 -4
322 332 4
331 332 4
333 332 4
342 332 4
432 332 -4
234 333 -4
323 333 4
332 333 4
334 333 -4
343 333 -4
433 333 -4
235 334 -4
324 334 4
333 334 -4
335 334 -4
344 334 4
434 334 4
236 335 4
325 335 4
334 335 -4
336 335 4
345 335 4
435 335 -4
237 336 4
326 336 4
335 336 4
337 336 -4
346 336 -4
436 336 4
238 337 4
327 337 4
336 337 -4
338 337 -4
347 337 -4
437 337 4
239 338 -4
328 338 4
337 338 -4
348 338 -4
438 338 -4
240 339 4
329 339 -4
340 339 -4
349 339 4
439 339 -4
241 340 4
330 340 -4
339 340 -4
341 340 -4
350 340 -4
440 340 4
242 341 4
331 341 4
340 341 -4
342 341 4
351 341 4
441 341 4
243 342 -4
332 342 4
341 342 4
343 342 -4
352 342 4
442 342 4
244 343 4
333 343 -4
342 343 -4
344 343 4
353 343 -4
443 343 -4
245 344 4
334 344 4
343 344 4
345 344 4
354 344 4
444 344 4
246 345 4
335 345 4
344 345 4
346 345 -4
355 345 4
445 345 4
247 346 4
336 346 -4
345 346 -4
347 346 4
356 346 -4
446 346 4
248 347 4
337 347 -4
346 347 4
348 347 -4
357 347 4
447 347 4
249 348 -4
338 348 -4
347 348 -4
358 348 -4
448 348 4
250 349 -4
339 349 4
350 349 -4
359 349 -4
449 349 -4
251 350 4
340 350 -4
349 350 -4
351 350 -4
360 350 4
450 350 -4
252 351 4
341 351 4
350 351 -4
352 351 4
361 351 4
451 351 -4
253 352 -4
342 352 4
351 352 4
353 352 4
362 352 4
452 352 4
254 353 4
343 353 -4
352 353 4
354 353 -4
363 353 4
453 353 4
255 354 4
344 354 4
353 354 -4
355 354 -4
364 354 -4
454 354 4
256 355 4
345 355 4
354 355 -4
356 355 4
365 355 4
455 355 4
257 356 4
346 356 -4
355 356 4
357 356 -4
366 356 4
456 356 -4
258 357 -4
347 357 4
356 357 -4
358 357 4
367 357 -4
457 357 4
259 358 4
348 358 -4
357 358 4
368 358 4
458 358 4
260 359 -4
349 359 -4
360 359 -4
369 359 -4
459 359 -4
261 360 4
350 360 4
359 360 -4
361 360 -4
370 360 4
460 360 -4
262 361 4
351 361 4
360 361 -4
362 361 4
371 361 -4
461 361 -4
263 362 4
352 362 4
361 362 4
363 362 -4
372 362 4
462 362 4
264 363 -4
353 363 4
362 363 -4
364 363 4
373 363 -4
463 363 4
265 364 -4
354 364 -4
363 364 4
365 364 -4
374 364 -4
464 364 -4
266 365 4
355 365 4
364 365 -4
366 365 4
375 365 -4
465 365 -4
267 366 4
356 366 4
365 366 4
367 366 -4
376 366 4
466 366 4
268 367 4
357 367 -4
366 367 -4
368 367 4
377 367 -4
467 367 -4
269 368 -4
358 368 4
367 368 4
378 368 -4
468 368 -4
270 369 -4
359 369 -4
370 369 -4
379 369 -4
469 369 -4
271 370 4
360 370 4
369 370 -4
371 370 -4
380 370 4
470 370 4
272 371 4
361 371 -4
370 371 -4
372 371 4
381 371 -4
471 371 4
273 372 4
362 372 4
371 372 4
373 372 -4
382 372 -4
472 372 -4
274 373 -4
363 373 -4
372 373 -4
374 373 4
383 373 -4
473 373 -4
275 374 4
364 374 -4
373 374 4
375 374 4
384 374 -4
474 374 -4
276 375 4
365 375 -4
374 375 4
376 375 4
385 375 -4
475 375 4
277 376 -4
366 376 4
375 376 4
377 376 4
386 376 -4
476 376 4
278 377 -4
367 377 -4
376 377 4
378 377 4
387 377 -4
477 377 -4
279 378 4
368 378 -4
377 378 4
388 378 -4
478 378 -4
280 379 -4
369 379 -4
380 379 -4
389 379 4
479 379 -4
281 380 -4
370 380 4
379 380 -4
381 380 4
390 380 4
480 380 -4
282 381 4
371 381 -4
380 381 4
382 381 -4
391 381 4
481 381 -4
283 382 -4
372 382 -4
381 382 -4
383 382 4
392 382 -4
482 382 4
284 383 -4
373 383 -4
382 383 4
384 383 4
393 383 4
483 383 4
285 384 4
374 384 -4
383 384 4
385 384 -4
394 384 -4
484 384 4
286 385 -4
375 385 -4
384 385 -4
386 385 -4
395 385 -4
485 385 4
287 386 4
376 386 -4
385 386 -4
387 386 4
396 386 -4
486 386 4
288 387 4
377 387 -4
386 387 4
388 387 -4
397 387 -4
487 387 -4
289 388 -4
378 388 -4
387 388 -4
398 388 -4
488 388 -4
290 389 4
379 389 4
390 389 -4
489 389 -4
291 390 4
380 390 4
389 390 -4
391 390 4
490 390 4
292 391 -4
381 391 4
390 391 4
392 391 -4
491 391 -4
293 392 -4
382 392 -4
391 392 -4
393 392 -4
492 392 4
383 393 4
392 393 -4
394 393 -4
493 393 -4
294 394 4
384 394 -4
393 394 -4
395 394 4
494 394 4
295 395 -4
385 395 -4
394 395 4
396 395 -4
495 395 4
296 396 4
386 396 -4
395 396 -4
397 396 4
496 396 4
297 397 -4
387 397 -4
396 397 4
398 397 -4
497 397 4
298 398 -4
388 398 -4
397 398 -4
498 398 -4
299 399 -4
400 399 -4
409 399 4
499 399 4
300 400 4
399 400 -4
401 400 -4
410 400 -4
500 400 -4
301 401 4
400 401 -4
402 401 4
411 401 4
501 401 -4
302 402 -4
401 402 4
403 402 4
412 402 -4
502 402 4
303 403 -4
402 403 4
404 403 4
413 403 -4
503 403 4
304 404 4
403 404 4
405 404 -4
414 404 -4
504 404 -4
305 405 -4
404 405 -4
406 405 -4
415 405 4
505 405 -4
306 406 4
405 406 -4
407 406 4
416 406 -4
506 406 -4
307 407 4
406 407 4
408 407 4
417 407 4
507 407 4
308 408 4
407 408 4
418 408 -4
508 408 4
309 409 -4
399 409 4
410 409 -4
419 409 -4
509 409 4
310 410 -4
400 410 -4
409 410 -4
411 410 -4
420 410 4
510 410 4
311 411 -4
401 411 4
410 411 -4
412 411 -4
421 411 4
511 411 -4
312 412 -4
402 412 -4
411 412 -4
413 412 -4
422 412 -4
512 412 4
313 413 4
403 413 -4
412 413 -4
414 413 -4
423 413 4
513 413 -4
314 414 4
404 414 -4
413 414 -4
415 414 4
424 414 4
514 414 -4
315 415 4
405 415 4
414 415 4
416 415 4
425 415 4
515 415 -4
316 416 -4
406 416 -4
415 416 4
417 416 4
426 416 -4
516 416 -4
317 417 4
407 417 4
416 417 4
418 417 4
427 417 -4
517 417 4
318 418 -4
408 418 -4
417 418 4
428 418 4
518 418 -4
319 419 -4
409 419 -4
420 419 -4
429 419 4
519 419 -4
320 420 4
410 420 4
419 420 -4
421 420 -4
430 420 -4
520 420 4
321 421 4
411 421 4
420 421 -4
422 421 -4
431 421 -4
521 421 4
322 422 -4
412 422 -4
421 422 -4
423 422 -4
432 422 4
522 422 -4
323 423 -4
413 423 4
422 423 -4
424 423 4
433 423 4
523 423 4
324 424 4
414 424 4
423 424 4
425 424 -4
434 424 -4
524 424 4
325 425 4
415 425 4
424 425 -4
426 425 -4
435 425 -4
525 425 4
326 426 -4
416 426 -4
425 426 -4
427 426 4
436 426 -4
526 426 4
327 427 -4
417 427 -4
426 427 4
428 427 4
437 427 -4
527 427 4
328 428 4
418 428 4
427 428 4
438 428 -4
528 428 -4
329 429 -4
419 429 4
430 429 4
439 429 4
529 429 4
330 430 4
420 430 -4
429 430 4
431 430 4
440 430 -4
530 430 4
331 431 -4
421 431 -4
430 431 4
432 431 -4
441 431 -4
531 431 -4
332 432 -4
422 432 4
431 432 -4
433 432 -4
442 432 4
532 432 4
333 433 -4
423 433 4
432 433 -4
434 433 -4
443 433 -4
533 433 4
334 434 4
424 434 -4
433 434 -4
435 434 4
444 434 -4
534 434 4
335 435 -4
425 435 -4
434 435 4
436 435 -4
445 435 4
535 435 4
336 436 4
426 436 -4
435 436 -4
437 436 4
446 436 4
536 436 4
337 437 4
427 437 -4
436 437 4
438 437 -4
447 437 -4
537 437 -4
338 438 -4
428 438 -4
437 438 -4
448 438 -4
538 438 4
339 439 -4
429 439 4
440 439 -4
449 439 -4
539 439 -4
340 440 4
430 440 -4
439 440 -4
441 440 -4
450 440 4
540 440 4
341 441 4
431 441 -4
440 441 -4
442 441 -4
451 441 -4
541 441 -4
342 442 4
432 442 4
441 442 -4
443 442 -4
452 442 -4
542 442 4
343 443 -4
433 443 -4
442 443 -4
444 443 4
453 443 -4
543 443 4
344 444 4
434 444 -4
443 444 4
445 444 -4
454 444 4
544 444 -4
345 445 4
435 445 4
444 445 -4
446 445 4
455 445 4
545 445 4
346 446 4
436 446 4
445 446 4
447 446 -4
456 446 4
546 446 -4
347 447 4
437 447 -4
446 447 -4
448 447 -4
457 447 -4
547 447 -4
348 448 4
438 448 -4
447 448 -4
458 448 4
548 448 -4
349 449 -4
439 449 -4
450 449 4
459 449 -4
549 449 -4
350 450 -4
440 450 4
449 450 4
451 450 4
460 450 4
550 450 4
351 451 -4
441 451 -4
450 451 4
452 451 4
461 451 4
551 451 4
352 452 4
442 452 -4
451 452 4
453 452 4
462 452 4
552 452 -4
353 453 4
443 453 -4
452 453 4
454 453 -4
463 453 4
553 453 4
354 454 4
444 454 4
453 454 -4
455 454 4
464 454 -4
554 454 4
355 455 4
445 455 4
454 455 4
456 455 4
465 455 -4
555 455 -4
356 456 -4
446 456 4
455 456 4
457 456 -4
466 456 4
556 456 -4
357 457 4
447 457 -4
456 457 -4
458 457 4
467 457 -4
557 457 4
358 458 4
448 458 4
457 458 4
468 458 -4
558 458 4
359 459 -4
449 459 -4
460 459 -4
469 459 4
559 459 -4
360 460 -4
450 460 4
459 460 -4
461 460 -4
470 460 4
560 460 -4
361 461 -4
451 461 4
460 461 -4
462 461 4
471 461 -4
561 461 -4
362 462 4
452 462 4
461 462 4
463 462 -4
472 462 -4
562 462 -4
363 463 4
453 463 4
462 463 -4
464 463 -4
473 463 -4
563 463 -4
364 464 -4
454 464 -4
463 464 -4
465 464 4
474 464 -4
564 464 4
365 465 -4
455 465 -4
464 465 4
466 465 4
475 465 4
565 465 4
366 466 4
456 466 4
465 466 4
467 466 -4
476 466 -4
566 466 4
367 467 -4
457 467 -4
466 467 -4
468 467 4
477 467 -4
567 467 -4
368 468 -4
458 468 -4
467 468 4
478 468 -4
568 468 -4
369 469 -4
459 469 4
470 469 4
479 469 -4
569 469 -4
370 470 4
460 470 4
469 470 4
471 470 -4
480 470 -4
570 470 -4
371 471 4
461 471 -4
470 471 -4
472 471 -4
481 471 -4
571 471 4
372 472 -4
462 472 -4
471 472 -4
473 472 4
482 472 -4
572 472 -4
373 473 -4
463 473 -4
472 473 4
474 473 -4
483 473 -4
573 473 -4
374 474 -4
464 474 -4
473 474 -4
475 474 -4
484 474 -4
574 474 -4
375 475 4
465 475 4
474 475 -4
476 475 4
485 475 4
575 475 4
376 476 4
466 476 -4
475 476 4
477 476 4
486 476 -4
576 476 4
377 477 -4
467 477 -4
476 477 4
478 477 -4
487 477 4
577 477 -4
378 478 -4
468 478 -4
477 478 -4
488 478 4
578 478 -4
379 479 -4
469 479 -4
480 479 -4
489 479 4
579 479 -4
380 480 -4
470 480 -4
479 480 -4
481 480 -4
490 480 4
580 480 4
381 481 -4
471 481 -4
480 481 -4
482 481 -4
491 481 4
581 481 -4
382 482 4
472 482 -4
481 482 -4
483 482 -4
492 482 4
582 482 -4
383 483 4
473 483 -4
482 483 -4
484 483 4
493 483 4
583 483 -4
384 484 4
474 484 -4
483 484 4
485 484 -4
494 484 4
584 484 -4
385 485 4
475 485 4
484 485 -4
486 485 4
495 485 4
585 485 4
386 486 4
476 486 -4
485 486 4
487 486 4
496 486 4
586 486 4
387 487 -4
477 487 4
486 487 4
488 487 -4
497 487 4
587 487 4
388 488 -4
478 488 4
487 488 -4
498 488 4
588 488 -4
389 489 -4
479 489 4
490 489 4
589 489 4
390 490 4
480 490 4
489 490 4
491 490 4
590 490 -4
391 491 -4
481 491 4
490 491 4
492 491 4
591 491 4
392 492 4
482 492 4
491 492 4
493 492 -4
592 492 -4
393 493 -4
483 493 4
492 493 -4
494 493 4
593 493 -4
394 494 4
484 494 4
493 494 4
495 494 -4
594 494 -4
395 495 4
485 495 4
494 495 -4
496 495 -4
595 495 4
396 496 4
486 496 4
495 496 -4
497 496 4
596 496 4
397 497 4
487 497 4
496 497 4
498 497 -4
597 497 -4
398 498 -4
488 498 4
497 498 -4
598 498 -4
399 499 4
500 499 -4
509 499 -4
599 499 -4
400 500 -4
499 500 -4
501 500 -4
510 500 4
600 500 -4
401 501 -4
500 501 -4
502 501 4
511 501 4
601 501 4
402 502 4
501 502 4
503 502 -4
512 502 -4
602 502 4
403 503 4
502 503 -4
504 503 4
513 503 -4
603 503 -4
404 504 -4
503 504 4
505 504 4
514 504 -4
604 504 4
405 505 -4
504 505 4
506 505 4
515 505 4
605 505 4
406 506 -4
505 506 4
507 506 4
516 506 4
606 506 -4
407 507 4
506 507 4
508 507 -4
517 507 -4
607 507 -4
408 508 4
507 508 -4
518 508 -4
608 508 -4
409 509 4
499 509 -4
510 509 4
519 509 4
609 509 -4
410 510 4
500 510 4
509 510 4
511 510 4
520 510 4
610 510 -4
411 511 -4
501 511 4
510 511 4
512 511 -4
521 511 4
611 511 -4
412 512 4
502 512 -4
511 512 -4
513 512 -4
522 512 4
612 512 4
413 513 -4
503 513 -4
512 513 -4
514 513 -4
523 513 4
613 513 -4
414 514 -4
504 514 -4
513 514 -4
515 514 4
524 514 4
614 514 -4
415 515 -4
505 515 4
514 515 4
516 515 -4
525 515 -4
615 515 4
416 516 -4
506 516 4
515 516 -4
517 516 -4
526 516 -4
616 516 4
417 517 4
507 517 -4
516 517 -4
518 517 -4
527 517 -4
617 517 -4
418 518 -4
508 518 -4
517 518 -4
528 518 -4
618 518 -4
419 519 -4
509 519 4
520 519 4
529 519 4
619 519 -4
420 520 4
510 520 4
519 520 4
521 520 -4
530 520 4
620 520 -4
421 521 4
511 521 4
520 521 -4
522 521 -4
531 521 -4
621 521 4
422 522 -4
512 522 4
521 522 -4
523 522 4
532 522 -4
622 522 -4
423 523 4
513 523 4
522 523 4
524 523 4
533 523 -4
623 523 4
424 524 4
514 524 4
523 524 4
525 524 -4
534 524 4
624 524 -4
425 525 4
515 525 -4
524 525 -4
526 525 4
535 525 4
625 525 -4
426 526 4
516 526 -4
525 526 4
527 526 4
536 526 -4
626 526 4
427 527 4
517 527 -4
526 527 4
528 527 -4
537 527 -4
627 527 -4
428 528 -4
518 528 -4
527 528 -4
538 528 -4
628 528 4
429 529 4
519 529 4
530 529 -4
539 529 -4
629 529 4
430 530 4
520 530 4
529 530 -4
531 530 4
540 530 4
630 530 -4
431 531 -4
521 531 -4
530 531 4
532 531 4
541 531 4
631 531 -4
432 532 4
522 532 -4
531 532 4
533 532 4
542 532 -4
632 532 -4
433 533 4
523 533 -4
532 533 4
534 533 4
543 533 -4
633 533 4
434 534 4
524 534 4
533 534 4
535 534 4
544 534 -4
634 534 -4
435 535 4
525 535 4
534 535 4
536 535 4
545 535 -4
635 535 -4
436 536 4
526 536 -4
535 536 4
537 536 -4
546 536 4
636 536 -4
437 537 -4
527 537 -4
536 537 -4
538 537 4
547 537 4
637 537 4
438 538 4
528 538 -4
537 538 4
548 538 4
638 538 -4
439 539 -4
529 539 -4
540 539 -4
549 539 -4
639 539 -4
440 540 4
530 540 4
539 540 -4
541 540 -4
550 540 -4
640 540 4
441 541 -4
531 541 4
540 541 -4
542 541 -4
551 541 4
641 541 4
442 542 4
532 542 -4
541 542 -4
543 542 4
552 542 4
642 542 4
443 543 4
533 543 -4
542 543 4
544 543 4
553 543 -4
643 543 4
444 544 -4
534 544 -4
543 544 4
545 544 -4
554 544 4
644 544 -4
445 545 4
535 545 -4
544 545 -4
546 545 4
555 545 -4
645 545 4
446 546 -4
536 546 4
545 546 4
547 546 4
556 546 4
646 546 -4
447 547 -4
537 547 4
546 547 4
548 547 4
557 547 -4
647 547 4
448 548 -4
538 548 4
547 548 4
558 548 4
648 548 -4
449 549 -4
539 549 -4
550 549 4
559 549 4
649 549 -4
450 550 4
540 550 -4
549 550 4
551 550 -4
560 550 -4
650 550 4
451 551 4
541 551 4
550 551 -4
552 551 -4
561 551 4
651 551 -4
452 552 -4
542 552 4
551 552 -4
553 552 -4
562 552 -4
652 552 4
453 553 4
543 553 -4
552 553 -4
554 553 4
563 553 4
653 553 4
454 554 4
544 554 4
553 554 4
555 554 4
564 554 -4
654 554 4
455 555 -4
545 555 -4
554 555 4
556 555 4
565 555 4
655 555 4
456 556 -4
546 556 4
555 556 4
557 556 4
566 556 -4
656 556 4
457 557 4
547 557 -4
556 557 4
558 557 4
567 557 -4
657 557 -4
458 558 4
548 558 4
557 558 4
568 558 -4
658 558 -4
459 559 -4
549 559 4
560 559 4
569 559 -4
659 559 -4
460 560 -4
550 560 -4
559 560 4
561 560 -4
570 560 -4
660 560 4
461 561 -4
551 561 4
560 561 -4
562 561 4
571 561 -4
661 561 -4
462 562 -4
552 562 -4
561 562 4
563 562 4
572 562 4
662 562 4
463 563 -4
553 563 4
562 563 4
564 563 -4
573 563 4
663 563 4
464 564 4
554 564 -4
563 564 -4
565 564 4
574 564 4
664 564 -4
465 565 4
555 565 4
564 565 4
566 565 4
575 565 -4
665 565 4
466 566 4
556 566 -4
565 566 4
567 566 -4
576 566 -4
666 566 4
467 567 -4
557 567 -4
566 567 -4
568 567 4
577 567 4
667 567 4
468 568 -4
558 568 -4
567 568 4
578 568 4
668 568 4
469 569 -4
559 569 -4
570 569 4
579 569 -4
669 569 4
470 570 -4
560 570 -4
569 570 4
571 570 -4
580 570 -4
670 570 4
471 571 4
561 571 -4
570 571 -4
572 571 -4
581 571 4
671 571 -4
472 572 -4
562 572 4
571 572 -4
573 572 4
582 572 4
672 572 4
473 573 -4
563 573 4
572 573 4
574 573 -4
583 573 -4
673 573 4
474 574 -4
564 574 4
573 574 -4
575 574 4
584 574 -4
674 574 4
475 575 4
565 575 -4
574 575 4
576 575 -4
585 575 -4
675 575 -4
476 576 4
566 576 -4
575 576 -4
577 576 4
586 576 4
676 576 4
477 577 -4
567 577 4
576 577 4
578 577 -4
587 577 -4
677 577 4
478 578 -4
568 578 4
577 578 -4
588 578 4
678 578 -4
479 579 -4
569 579 -4
580 579 -4
589 579 -4
679 579 -4
480 580 4
570 580 -4
579 580 -4
581 580 -4
590 580 -4
680 580 4
481 581 -4
571 581 4
580 581 -4
582 581 -4
591 581 4
681 581 -4
482 582 -4
572 582 4
581 582 -4
583 582 -4
592 582 -4
682 582 -4
483 583 -4
573 583 -4
582 583 -4
584 583 4
593 583 4
683 583 4
484 584 -4
574 584 -4
583 584 4
585 584 4
594 584 -4
684 584 4
485 585 4
575 585 -4
584 585 4
586 585 -4
595 585 4
685 585 4
486 586 4
576 586 4
585 586 -4
587 586 4
596 586 -4
686 586 -4
487 587 4
577 587 -4
586 587 4
588 587 -4
597 587 4
687 587 -4
488 588 -4
578 588 4
587 588 -4
598 588 -4
688 588 -4
489 589 4
579 589 -4
590 589 -4
689 589 4
490 590 -4
580 590 -4
589 590 -4
591 590 4
690 590 -4
491 591 4
581 591 4
590 591 4
592 591 -4
691 591 4
492 592 -4
582 592 -4
591 592 -4
593 592 4
692 592 -4
493 593 -4
583 593 4
592 593 4
594 593 -4
693 593 4
494 594 -4
584 594 -4
593 594 -4
595 594 -4
694 594 -4
495 595 4
585 595 4
594 595 -4
596 595 -4
695 595 -4
496 596 4
586 596 -4
595 596 -4
597 596 4
696 596 -4
497 597 -4
587 597 4
596 597 4
598 597 -4
697 597 4
498 598 -4
588 598 -4
597 598 -4
698 598 4
499 599 -4
600 599 4
609 599 -4
699 599 -4
500 600 -4
599 600 4
601 600 -4
610 600 4
700 600 -4
501 601 4
600 601 -4
602 601 -4
611 601 -4
701 601 4
502 602 4
601 602 -4
603 602 4
612 602 -4
702 602 4
503 603 -4
602 603 4
604 603 4
613 603 -4
703 603 4
504 604 4
603 604 4
605 604 4
614 604 -4
704 604 4
505 605 4
604 605 4
606 605 4
615 605 -4
705 605 -4
506 606 -4
605 606 4
607 606 -4
616 606 -4
706 606 4
507 607 -4
606 607 -4
608 607 -4
617 607 4
707 607 4
508 608 -4
607 608 -4
618 608 -4
708 608 4
509 609 -4
599 609 -4
610 609 -4
619 609 -4
709 609 4
510 610 -4
600 610 4
609 610 -4
611 610 -4
620 610 -4
710 610 4
511 611 -4
601 611 -4
610 611 -4
612 611 4
621 611 -4
711 611 -4
512 612 4
602 612 -4
611 612 4
613 612 -4
622 612 -4
712 612 -4
513 613 -4
603 613 -4
612 613 -4
614 613 -4
623 613 4
713 613 -4
514 614 -4
604 614 -4
613 614 -4
615 614 -4
624 614 -4
714 614 -4
515 615 4
605 615 -4
614 615 -4
616 615 4
625 615 4
715 615 4
516 616 4
606 616 -4
615 616 4
617 616 4
626 616 4
716 616 4
517 617 -4
607 617 4
616 617 4
618 617 4
627 617 -4
717 617 -4
518 618 -4
608 618 -4
617 618 4
628 618 4
718 618 4
519 619 -4
609 619 -4
620 619 -4
629 619 -4
719 619 -4
520 620 -4
610 620 -4
619 620 -4
621 620 4
630 620 -4
720 620 4
521 621 4
611 621 -4
620 621 4
622 621 4
631 621 4
721 621 4
522 622 -4
612 622 -4
621 622 4
623 622 -4
632 622 4
722 622 4
523 623 4
613 623 4
622 623 -4
624 623 -4
633 623 -4
723 623 4
524 624 -4
614 624 -4
623 624 -4
625 624 4
634 624 4
724 624 4
525 625 -4
615 625 4
624 625 4
626 625 4
635 625 4
725 625 4
526 626 4
616 626 4
625 626 4
627 626 4
636 626 4
726 626 -4
527 627 -4
617 627 -4
626 627 4
628 627 -4
637 627 -4
727 627 -4
528 628 4
618 628 4
627 628 -4
638 628 4
728 628 -4
529 629 4
619 629 -4
630 629 -4
639 629 4
729 629 4
530 630 -4
620 630 -4
629 630 -4
631 630 -4
640 630 4
730 630 4
531 631 -4
621 631 4
630 631 -4
632 631 4
641 631 -4
731 631 -4
532 632 -4
622 632 4
631 632 4
633 632 4
642 632 4
732 632 4
533 633 4
623 633 -4
632 633 4
634 633 4
643 633 -4
733 633 4
534 634 -4
624 634 4
633 634 4
635 634 -4
644 634 -4
734 634 -4
535 635 -4
625 635 4
634 635 -4
636 635 4
645 635 4
735 635 4
536 636 -4
626 636 4
635 636 4
637 636 -4
646 636 4
736 636 4
537 637 4
627 637 -4
636 637 -4
638 637 -4
647 637 -4
737 637 -4
538 638 -4
628 638 4
637 638 -4
648 638 4
738 638 4
539 639 -4
629 639 4
640 639 4
649 639 4
739 639 -4
540 640 4
630 640 4
639 640 4
641 640 4
650 640 -4
740 640 -4
541 641 4
631 641 -4
640 641 4
642 641 -4
651 641 -4
741 641 4
542 642 4
632 642 4
641 642 -4
643 642 -4
652 642 4
742 642 4
543 643 4
633 643 -4
642 643 -4
644 643 4
653 643 4
743 643 -4
544 644 -4
634 644 -4
643 644 4
645 644 -4
654 644 4
744 644 -4
545 645 4
635 645 4
644 645 -4
646 645 -4
655 645 4
745 645 -4
546 646 -4
636 646 4
645 646 -4
647 646 4
656 646 -4
746 646 -4
547 647 4
637 647 -4
646 647 4
648 647 4
657 647 -4
747 647 4
548 648 -4
638 648 4
647 648 4
658 648 -4
748 648 4
549 649 -4
639 649 4
650 649 -4
659 649 -4
749 649 -4
550 650 4
640 650 -4
649 650 -4
651 650 -4
660 650 4
750 650 -4
551 651 -4
641 651 -4
650 651 -4
652 651 4
661 651 -4
751 651 -4
552 652 4
642 652 4
651 652 4
653 652 -4
662 652 4
752 652 4
553 653 4
643 653 4
652 653 -4
654 653 -4
663 653 4
753 653 4
554 654 4
644 654 4
653 654 -4
655 654 -4
664 654 -4
754 654 -4
555 655 4
645 655 4
654 655 -4
656 655 4
665 655 4
755 655 4
556 656 4
646 656 -4
655 656 4
657 656 4
666 656 -4
756 656 -4
557 657 -4
647 657 -4
656 657 4
658 657 4
667 657 -4
757 657 4
558 658 -4
648 658 -4
657 658 4
668 658 -4
758 658 -4
559 659 -4
649 659 -4
660 659 -4
669 659 -4
759 659 4
560 660 4
650 660 4
659 660 -4
661 660 -4
670 660 4
760 660 4
561 661 -4
651 661 -4
660 661 -4
662 661 -4
671 661 -4
761 661 4
562 662 4
652 662 4
661 662 -4
663 662 -4
672 662 4
762 662 -4
563 663 4
653 663 4
662 663 -4
664 663 -4
673 663 4
763 663 -4
564 664 -4
654 664 -4
663 664 -4
665 664 -4
674 664 -4
764 664 -4
565 665 4
655 665 4
664 665 -4
666 665 -4
675 665 4
765 665 -4
566 666 4
656 666 -4
665 666 -4
667 666 -4
676 666 4
766 666 4
567 667 4
657 667 -4
666 667 -4
668 667 4
677 667 -4
767 667 -4
568 668 4
658 668 -4
667 668 4
678 668 -4
768 668 4
569 669 4
659 669 -4
670 669 4
679 669 4
769 669 4
570 670 4
660 670 4
669 670 4
671 670 -4
680 670 4
770 670 4
571 671 -4
661 671 -4
670 671 -4
672 671 4
681 671 -4
771 671 4
572 672 4
662 672 4
671 672 4
673 672 -4
682 672 4
772 672 4
573 673 4
663 673 4
672 673 -4
674 673 -4
683 673 4
773 673 4
574 674 4
664 674 -4
673 674 -4
675 674 4
684 674 -4
774 674 4
575 675 -4
665 675 4
674 675 4
676 675 4
685 675 4
775 675 -4
576 676 4
666 676 4
675 676 4
677 676 -4
686 676 -4
776 676 4
577 677 4
667 677 -4
676 677 -4
678 677 -4
687 677 -4
777 677 -4
578 678 -4
668 678 -4
677 678 -4
688 678 4
778 678 4
579 679 -4
669 679 4
680 679 -4
689 679 4
779 679 4
580 680 4
670 680 4
679 680 -4
681 680 4
690 680 4
780 680 4
581 681 -4
671 681 -4
680 681 4
682 681 -4
691 681 4
781 681 -4
582 682 -4
672 682 4
681 682 -4
683 682 4
692 682 -4
782 682 -4
583 683 4
673 683 4
682 683 4
684 683 -4
693 683 4
783 683 4
584 684 4
674 684 -4
683 684 -4
685 684 4
694 684 4
784 684 -4
585 685 4
675 685 4
684 685 4
686 685 4
695 685 -4
785 685 4
586 686 -4
676 686 -4
685 686 4
687 686 -4
696 686 4
786 686 4
587 687 -4
677 687 -4
686 687 -4
688 687 -4
697 687 -4
787 687 -4
588 688 -4
678 688 4
687 688 -4
698 688 4
788 688 4
589 689 4
679 689 4
690 689 4
789 689 4
590 690 -4
680 690 4
689 690 4
691 690 -4
790 690 -4
591 691 4
681 691 4
690 691 -4
692 691 4
791 691 4
592 692 -4
682 692 -4
691 692 4
693 692 4
792 692 -4
593 693 4
683 693 4
692 693 4
694 693 4
793 693 -4
594 694 -4
684 694 4
693 694 4
695 694 4
794 694 -4
595 695 -4
685 695 -4
694 695 4
696 695 -4
795 695 -4
596 696 -4
686 696 4
695 696 -4
697 696 -4
796 696 4
597 697 4
687 697 -4
696 697 -4
698 697 4
797 697 -4
598 698 4
688 698 4
697 698 4
798 698 4
599 699 -4
700 699 4
709 699 4
799 699 4
600 700 -4
699 700 4
701 700 -4
710 700 4
800 700 4
601 701 4
700 701 -4
702 701 -4
711 701 4
801 701 4
602 702 4
701 702 -4
703 702 4
712 702 4
802 702 4
603 703 4
702 703 4
704 703 4
713 703 -4
803 703 -4
604 704 4
703 704 4
705 704 4
714 704 -4
804 704 4
605 705 -4
704 705 4
706 705 4
715 705 4
805 705 4
606 706 4
705 706 4
707 706 -4
716 706 4
806 706 -4
607 707 4
706 707 -4
708 707 4
717 707 4
807 707 -4
608 708 4
707 708 4
718 708 4
808 708 -4
609 709 4
699 709 4
710 709 -4
719 709 -4
809 709 4
610 710 4
700 710 4
709 710 -4
711 710 4
720 710 4
810 710 -4
611 711 -4
701 711 4
710 711 4
712 711 -4
721 711 4
811 711 -4
612 712 -4
702 712 4
711 712 -4
713 712 4
722 712 -4
812 712 -4
613 713 -4
703 713 -4
712 713 4
714 713 -4
723 713 4
813 713 -4
614 714 -4
704 714 -4
713 714 -4
715 714 4
724 714 -4
814 714 4
615 715 4
705 715 4
714 715 4
716 715 4
725 715 -4
815 715 4
616 716 4
706 716 4
715 716 4
717 716 -4
726 716 4
816 716 4
617 717 -4
707 717 4
716 717 -4
718 717 -4
727 717 -4
817 717 -4
618 718 4
708 718 4
717 718 -4
728 718 4
818 718 4
619 719 -4
709 719 -4
720 719 -4
729 719 -4
819 719 4
620 720 4
710 720 4
719 720 -4
721 720 4
730 720 -4
820 720 4
621 721 4
711 721 4
720 721 4
722 721 4
731 721 4
821 721 -4
622 722 4
712 722 -4
721 722 4
723 722 -4
732 722 4
822 722 4
623 723 4
713 723 4
722 723 -4
724 723 -4
733 723 -4
823 723 4
624 724 4
714 724 -4
723 724 -4
725 724 -4
734 724 -4
824 724 -4
625 725 4
715 725 -4
724 725 -4
726 725 4
735 725 -4
825 725 4
626 726 -4
716 726 4
725 726 4
727 726 4
736 726 -4
826 726 -4
627 727 -4
717 727 -4
726 727 4
728 727 -4
737 727 4
827 727 4
628 728 -4
718 728 4
727 728 -4
738 728 -4
828 728 4
629 729 4
719 729 -4
730 729 -4
739 729 4
829 729 4
630 730 4
720 730 -4
729 730 -4
731 730 -4
740 730 4
830 730 4
631 731 -4
721 731 4
730 731 -4
732 731 -4
741 731 -4
831 731 -4
632 732 4
722 732 4
731 732 -4
733 732 4
742 732 4
832 732 -4
633 733 4
723 733 -4
732 733 4
734 733 -4
743 733 4
833 733 4
634 734 -4
724 734 -4
733 734 -4
735 734 -4
744 734 4
834 734 -4
635 735 4
725 735 -4
734 735 -4
736 735 -4
745 735 4
835 735 -4
636 736 4
726 736 -4
735 736 -4
737 736 -4
746 736 4
836 736 -4
637 737 -4
727 737 4
736 737 -4
738 737 4
747 737 -4
837 737 4
638 738 4
728 738 -4
737 738 4
748 738 -4
838 738 -4
639 739 -4
729 739 4
740 739 -4
749 739 4
839 739 4
640 740 -4
730 740 4
739 740 -4
741 740 4
750 740 -4
840 740 4
641 741 4
731 741 -4
740 741 4
742 741 4
751 741 4
841 741 4
642 742 4
732 742 4
741 742 4
743 742 -4
752 742 4
842 742 4
643 743 -4
733 743 4
742 743 -4
744 743 -4
753 743 -4
843 743 -4
644 744 -4
734 744 4
743 744 -4
745 744 -4
754 744 4
844 744 -4
645 745 -4
735 745 4
744 745 -4
746 745 4
755 745 -4
845 745 -4
646 746 -4
736 746 4
745 746 4
747 746 -4
756 746 -4
846 746 -4
647 747 4
737 747 -4
746 747 -4
748 747 4
757 747 -4
847 747 4
648 748 4
738 748 -4
747 748 4
758 748 -4
848 748 4
649 749 -4
739 749 4
750 749 -4
759 749 -4
849 749 -4
650 750 -4
740 750 -4
749 750 -4
751 750 4
760 750 -4
850 750 -4
651 751 -4
741 751 4
750 751 4
752 751 4
761 751 4
851 751 4
652 752 4
742 752 4
751 752 4
753 752 -4
762 752 4
852 752 4
653 753 4
743 753 -4
752 753 -4
754 753 4
763 753 4
853 753 4
654 754 -4
744 754 4
753 754 4
755 754 -4
764 754 -4
854 754 4
655 755 4
745 755 -4
754 755 -4
756 755 4
765 755 4
855 755 -4
656 756 -4
746 756 -4
755 756 4
757 756 4
766 756 -4
856 756 -4
657 757 4
747 757 -4
756 757 4
758 757 -4
767 757 -4
857 757 4
658 758 -4
748 758 -4
757 758 -4
768 758 4
858 758 -4
659 759 4
749 759 -4
760 759 4
769 759 -4
859 759 -4
660 760 4
750 760 -4
759 760 4
761 760 -4
770 760 -4
860 760 -4
661 761 4
751 761 4
760 761 -4
762 761 4
771 761 -4
861 761 -4
662 762 -4
752 762 4
761 762 4
763 762 -4
772 762 -4
862 762 4
663 763 -4
753 763 4
762 763 -4
764 763 -4
773 763 4
863 763 -4
664 764 -4
754 764 -4
763 764 -4
765 764 -4
774 764 -4
864 764 -4
665 765 -4
755 765 4
764 765 -4
766 765 -4
775 765 4
865 765 -4
666 766 4
756 766 -4
765 766 -4
767 766 4
776 766 -4
866 766 4
667 767 -4
757 767 -4
766 767 4
768 767 -4
777 767 -4
867 767 -4
668 768 4
758 768 4
767 768 -4
778 768 -4
868 768 -4
669 769 4
759 769 -4
770 769 4
779 769 -4
869 769 4
670 770 4
760 770 -4
769 770 4
771 770 -4
780 770 4
870 770 4
671 771 4
761 771 -4
770 771 -4
772 771 4
781 771 -4
871 771 4
672 772 4
762 772 -4
771 772 4
773 772 4
782 772 -4
872 772 -4
673 773 4
763 773 4
772 773 4
774 773 -4
783 773 -4
873 773 -4
674 774 4
764 774 -4
773 774 -4
775 774 4
784 774 4
874 774 -4
675 775 -4
765 775 4
774 775 4
776 775 -4
785 775 4
875 775 4
676 776 4
766 776 -4
775 776 -4
777 776 4
786 776 4
876 776 -4
677 777 -4
767 777 -4
776 777 4
778 777 4
787 777 -4
877 777 4
678 778 4
768 778 -4
777 778 4
788 778 -4
878 778 -4
679 779 4
769 779 -4
780 779 4
789 779 -4
879 779 -4
680 780 4
770 780 4
779 780 4
781 780 -4
790 780 -4
880 780 -4
681 781 -4
771 781 -4
780 781 -4
782 781 4
791 781 4
881 781 4
682 782 -4
772 782 -4
781 782 4
783 782 -4
792 782 4
882 782 -4
683 783 4
773 783 -4
782 783 -4
784 783 4
793 783 4
883 783 4
684 784 -4
774 784 4
783 784 4
785 784 -4
794 784 4
884 784 4
685 785 4
775 785 4
784 785 -4
786 785 -4
795 785 4
885 785 4
686 786 4
776 786 4
785 786 -4
787 786 -4
796 786 4
886 786 -4
687 787 -4
777 787 -4
786 787 -4
788 787 4
797 787 4
887 787 4
688 788 4
778 788 -4
787 788 4
798 788 -4
888 788 -4
689 789 4
779 789 -4
790 789 4
889 789 4
690 790 -4
780 790 -4
789 790 4
791 790 4
890 790 -4
691 791 4
781 791 4
790 791 4
792 791 4
891 791 -4
692 792 -4
782 792 4
791 792 4
793 792 4
892 792 4
693 793 -4
783 793 4
792 793 4
794 793 -4
893 793 4
694 794 -4
784 794 4
793 794 -4
795 794 4
894 794 4
695 795 -4
785 795 4
794 795 4
796 795 -4
895 795 4
696 796 4
786 796 4
795 796 -4
797 796 -4
896 796 4
697 797 -4
787 797 4
796 797 -4
798 797 4
897 797 -4
698 798 4
788 798 -4
797 798 4
898 798 4
699 799 4
800 799 4
809 799 4
899 799 4
700 800 4
799 800 4
801 800 4
810 800 4
900 800 -4
701 801 4
800 801 4
802 801 4
811 801 4
901 801 -4
702 802 4
801 802 4
803 802 -4
812 802 4
902 802 4
703 803 -4
802 803 -4
804 803 -4
813 803 -4
903 803 4
704 804 4
803 804 -4
805 804 4
814 804 -4
904 804 4
705 805 4
804 805 4
806 805 -4
815 805 -4
905 805 4
706 806 -4
805 806 -4
807 806 -4
816 806 -4
906 806 -4
707 807 -4
806 807 -4
808 807 4
817 807 -4
907 807 4
708 808 -4
807 808 4
818 808 -4
908 808 -4
709 809 4
799 809 4
810 809 -4
819 809 -4
909 809 -4
710 810 -4
800 810 4
809 810 -4
811 810 -4
820 810 -4
910 810 -4
711 811 -4
801 811 4
810 811 -4
812 811 -4
821 811 4
911 811 -4
712 812 -4
802 812 4
811 812 -4
813 812 4
822 812 4
912 812 -4
713 813 -4
803 813 -4
812 813 4
814 813 4
823 813 -4
913 813 4
714 814 4
804 814 -4
813 814 4
815 814 4
824 814 4
914 814 -4
715 815 4
805 815 -4
814 815 4
816 815 -4
825 815 -4
915 815 4
716 816 4
806 816 -4
815 816 -4
817 816 -4
826 816 4
916 816 4
717 817 -4
807 817 -4
816 817 -4
818 817 -4
827 817 4
917 817 -4
718 818 4
808 818 -4
817 818 -4
828 818 -4
918 818 4
719 819 4
809 819 -4
820 819 4
829 819 -4
919 819 4
720 820 4
810 820 -4
819 820 4
821 820 4
830 820 -4
920 820 4
721 821 -4
811 821 4
820 821 4
822 821 -4
831 821 4
921 821 4
722 822 4
812 822 4
821 822 -4
823 822 4
832 822 4
922 822 4
723 823 4
813 823 -4
822 823 4
824 823 -4
833 823 4
923 823 -4
724 824 -4
814 824 4
823 824 -4
825 824 -4
834 824 -4
924 824 -4
725 825 4
815 825 -4
824 825 -4
826 825 4
835 825 -4
925 825 -4
726 826 -4
816 826 4
825 826 4
827 826 4
836 826 -4
926 826 -4
727 827 4
817 827 4
826 827 4
828 827 4
837 827 -4
927 827 4
728 828 4
818 828 -4
827 828 4
838 828 4
928 828 -4
729 829 4
819 829 -4
830 829 -4
839 829 4
929 829 4
730 830 4
820 830 -4
829 830 -4
831 830 4
840 830 4
930 830 -4
731 831 -4
821 831 4
830 831 4
832 831 4
841 831 -4
931 831 -4
732 832 -4
822 832 4
831 832 4
833 832 4
842 832 4
932 832 4
733 833 4
823 833 4
832 833 4
834 833 -4
843 833 4
933 833 -4
734 834 -4
824 834 -4
833 834 -4
835 834 -4
844 834 4
934 834 -4
735 835 -4
825 835 -4
834 835 -4
836 835 -4
845 835 4
935 835 4
736 836 -4
826 836 -4
835 836 -4
837 836 4
846 836 -4
936 836 4
737 837 4
827 837 -4
836 837 4
838 837 -4
847 837 -4
937 837 4
738 838 -4
828 838 4
837 838 -4
848 838 4
938 838 4
739 839 4
829 839 4
840 839 4
849 839 4
939 839 -4
740 840 4
830 840 4
839 840 4
841 840 4
850 840 4
940 840 -4
741 841 4
831 841 -4
840 841 4
842 841 -4
851 841 -4
941 841 4
742 842 4
832 842 4
841 842 -4
843 842 -4
852 842 4
942 842 -4
743 843 -4
833 843 4
842 843 -4
844 843 -4
853 843 -4
943 843 4
744 844 -4
834 844 4
843 844 -4
845 844 4
854 844 -4
944 844 -4
745 845 -4
835 845 4
844 845 4
846 845 4
855 845 4
945 845 4
746 846 -4
836 846 -4
845 846 4
847 846 -4
856 846 4
946 846 4
747 847 4
837 847 -4
846 847 -4
848 847 -4
857 847 -4
947 847 4
748 848 4
838 848 4
847 848 -4
858 848 -4
948 848 4
749 849 -4
839 849 4
850 849 -4
859 849 4
949 849 -4
750 850 -4
840 850 4
849 850 -4
851 850 4
860 850 -4
950 850 -4
751 851 4
841 851 -4
850 851 4
852 851 4
861 851 -4
951 851 4
752 852 4
842 852 4
851 852 4
853 852 -4
862 852 4
952 852 -4
753 853 4
843 853 -4
852 853 -4
854 853 -4
863 853 -4
953 853 -4
754 854 4
844 854 -4
853 854 -4
855 854 4
864 854 4
954 854 -4
755 855 -4
845 855 4
854 855 4
856 855 -4
865 855 4
955 855 4
756 856 -4
846 856 4
855 856 -4
857 856 4
866 856 -4
956 856 4
757 857 4
847 857 -4
856 857 4
858 857 4
867 857 4
957 857 -4
758 858 -4
848 858 -4
857 858 4
868 858 4
958 858 -4
759 859 -4
849 859 4
860 859 -4
869 859 4
959 859 4
760 860 -4
850 860 -4
859 860 -4
861 860 -4
870 860 -4
960 860 -4
761 861 -4
851 861 -4
860 861 -4
862 861 4
871 861 -4
961 861 -4
762 862 4
852 862 4
861 862 4
863 862 -4
872 862 -4
962 862 -4
763 863 -4
853 863 -4
862 863 -4
864 863 -4
873 863 -4
963 863 4
764 864 -4
854 864 4
863 864 -4
865 864 -4
874 864 -4
964 864 4
765 865 -4
855 865 4
864 865 -4
866 865 4
875 865 4
965 865 4
766 866 4
856 866 -4
865 866 4
867 866 4
876 866 4
966 866 -4
767 867 -4
857 867 4
866 867 4
868 867 -4
877 867 -4
967 867 -4
768 868 -4
858 868 4
867 868 -4
878 868 -4
968 868 -4
769 869 4
859 869 4
870 869 4
879 869 -4
969 869 -4
770 870 4
860 870 -4
869 870 4
871 870 -4
880 870 4
970 870 4
771 871 4
861 871 -4
870 871 -4
872 871 -4
881 871 4
971 871 -4
772 872 -4
862 872 -4
871 872 -4
873 872 4
882 872 4
972 872 4
773 873 -4
863 873 -4
872 873 4
874 873 -4
883 873 -4
973 873 -4
774 874 -4
864 874 -4
873 874 -4
875 874 4
884 874 -4
974 874 4
775 875 4
865 875 4
874 875 4
876 875 -4
885 875 4
975 875 -4
776 876 -4
866 876 4
875 876 -4
877 876 -4
886 876 4
976 876 4
777 877 4
867 877 -4
876 877 -4
878 877 -4
887 877 4
977 877 -4
778 878 -4
868 878 -4
877 878 -4
888 878 -4
978 878 4
779 879 -4
869 879 -4
880 879 -4
889 879 -4
979 879 4
780 880 -4
870 880 4
879 880 -4
881 880 -4
890 880 4
980 880 -4
781 881 4
871 881 4
880 881 -4
882 881 4
891 881 -4
981 881 4
782 882 -4
872 882 4
881 882 4
883 882 -4
892 882 4
982 882 -4
783 883 4
873 883 -4
882 883 -4
884 883 -4
893 883 -4
983 883 4
784 884 4
874 884 -4
883 884 -4
885 884 -4
894 884 4
984 884 -4
785 885 4
875 885 4
884 885 -4
886 885 4
895 885 -4
985 885 -4
786 886 -4
876 886 4
885 886 4
887 886 4
896 886 -4
986 886 4
787 887 4
877 887 4
886 887 4
888 887 4
897 887 -4
987 887 4
788 888 -4
878 888 -4
887 888 4
898 888 4
988 888 4
789 889 4
879 889 -4
890 889 -4
989 889 -4
790 890 -4
880 890 4
889 890 -4
891 890 -4
990 890 -4
791 891 -4
881 891 -4
890 891 -4
892 891 4
991 891 4
792 892 4
882 892 4
891 892 4
893 892 -4
992 892 4
793 893 4
883 893 -4
892 893 -4
894 893 4
993 893 4
794 894 4
884 894 4
893 894 4
895 894 -4
994 894 4
795 895 4
885 895 -4
894 895 -4
896 895 4
995 895 4
796 896 4
886 896 -4
895 896 4
897 896 -4
996 896 -4
797 897 -4
887 897 -4
896 897 -4
898 897 -4
997 897 -4
798 898 4
888 898 4
897 898 -4
998 898 4
0 899 -4
799 899 4
900 899 -4
909 899 4
1 900 4
800 900 -4
899 900 -4
901 900 4
910 900 -4
2 901 -4
801 901 -4
900 901 4
902 901 -4
911 901 -4
3 902 4
802 902 4
901 902 -4
903 902 4
912 902 -4
4 903 -4
803 903 4
902 903 4
904 903 4
913 903 4
5 904 -4
804 904 4
903 904 4
905 904 4
914 904 4
6 905 4
805 905 4
904 905 4
906 905 -4
915 905 4
7 906 -4
806 906 -4
905 906 -4
907 906 -4
916 906 4
8 907 4
807 907 4
906 907 -4
908 907 -4
917 907 4
9 908 -4
808 908 -4
907 908 -4
918 908 4
10 909 -4
809 909 -4
899 909 4
910 909 -4
919 909 4
11 910 4
810 910 -4
900 910 -4
909 910 -4
911 910 -4
920 910 4
12 911 4
811 911 -4
901 911 -4
910 911 -4
912 911 -4
921 911 4
13 912 -4
812 912 -4
902 912 -4
911 912 -4
913 912 -4
922 912 4
14 913 4
813 913 4
903 913 4
912 913 -4
914 913 4
923 913 4
15 914 -4
814 914 -4
904 914 4
913 914 4
915 914 4
924 914 4
16 915 -4
815 915 4
905 915 4
914 915 4
916 915 -4
925 915 -4
17 916 4
816 916 4
906 916 4
915 916 -4
917 916 4
926 916 -4
18 917 -4
817 917 -4
907 917 4
916 917 4
918 917 4
927 917 4
19 918 4
818 918 4
908 918 4
917 918 4
928 918 -4
20 919 -4
819 919 4
909 919 4
920 919 -4
929 919 -4
21 920 4
820 920 4
910 920 4
919 920 -4
921 920 -4
930 920 -4
22 921 -4
821 921 4
911 921 4
920 921 -4
922 921 -4
931 921 -4
23 922 -4
822 922 4
912 922 4
921 922 -4
923 922 -4
932 922 -4
24 923 -4
823 923 -4
913 923 4
922 923 -4
924 923 -4
933 923 4
25 924 4
824 924 -4
914 924 4
923 924 -4
925 924 -4
934 924 4
26 925 -4
825 925 -4
915 925 -4
924 925 -4
926 925 -4
935 925 4
27 926 4
826 926 -4
916 926 -4
925 926 -4
927 926 4
936 926 4
28 927 -4
827 927 4
917 927 4
926 927 4
928 927 -4
937 927 -4
29 928 4
828 928 -4
918 928 -4
927 928 -4
938 928 4
30 929 -4
829 929 4
919 929 -4
930 929 4
939 929 4
31 930 4
830 930 -4
920 930 -4
929 930 4
931 930 4
940 930 4
32 931 4
831 931 -4
921 931 -4
930 931 4
932 931 -4
941 931 4
33 932 4
832 932 4
922 932 -4
931 932 -4
933 932 4
942 932 4
34 933 -4
833 933 -4
923 933 4
932 933 4
934 933 4
943 933 -4
35 934 -4
834 934 -4
924 934 4
933 934 4
935 934 4
944 934 -4
36 935 -4
835 935 4
925 935 4
934 935 4
936 935 -4
945 935 -4
37 936 -4
836 936 4
926 936 4
935 936 -4
937 936 -4
946 936 -4
38 937 -4
837 937 4
927 937 -4
936 937 -4
938 937 -4
947 937 -4
39 938 -4
838 938 4
928 938 4
937 938 -4
948 938 -4
40 939 4
839 939 -4
929 939 4
940 939 -4
949 939 4
41 940 -4
840 940 -4
930 940 4
939 940 -4
941 940 4
950 940 4
42 941 -4
841 941 4
931 941 4
940 941 4
942 941 -4
951 941 -4
43 942 4
842 942 -4
932 942 4
941 942 -4
943 942 -4
952 942 4
44 943 4
843 943 4
933 943 -4
942 943 -4
944 943 4
953 943 -4
45 944 -4
844 944 -4
934 944 -4
943 944 4
945 944 -4
954 944 -4
46 945 4
845 945 4
935 945 -4
944 945 -4
946 945 4
955 945 4
47 946 -4
846 946 4
936 946 -4
945 946 4
947 946 -4
956 946 -4
48 947 -4
847 947 4
937 947 -4
946 947 -4
948 947 4
957 947 -4
49 948 4
848 948 4
938 948 -4
947 948 4
958 948 -4
50 949 -4
849 949 -4
939 949 4
950 949 -4
959 949 -4
51 950 -4
850 950 -4
940 950 4
949 950 -4
951 950 4
960 950 4
52 951 -4
851 951 4
941 951 -4
950 951 4
952 951 4
961 951 4
53 952 4
852 952 -4
942 952 4
951 952 4
953 952 4
962 952 -4
54 953 4
853 953 -4
943 953 -4
952 953 4
954 953 4
963 953 4
55 954 4
854 954 -4
944 954 -4
953 954 4
955 954 -4
964 954 -4
56 955 4
855 955 4
945 955 4
954 955 -4
956 955 4
965 955 -4
57 956 4
856 956 4
946 956 -4
955 956 4
957 956 -4
966 956 4
58 957 4
857 957 -4
947 957 -4
956 957 -4
958 957 -4
967 957 4
59 958 -4
858 958 -4
948 958 -4
957 958 -4
968 958 -4
60 959 4
859 959 4
949 959 -4
960 959 -4
969 959 4
61 960 -4
860 960 -4
950 960 4
959 960 -4
961 960 4
970 960 -4
62 961 4
861 961 -4
951 961 4
960 961 4
962 961 -4
971 961 4
63 962 -4
862 962 -4
952 962 -4
961 962 -4
963 962 -4
972 962 4
64 963 -4
863 963 4
953 963 4
962 963 -4
964 963 -4
973 963 4
65 964 4
864 964 4
954 964 -4
963 964 -4
965 964 -4
974 964 4
66 965 4
865 965 4
955 965 -4
964 965 -4
966 965 -4
975 965 4
67 966 4
866 966 -4
956 966 4
965 966 -4
967 966 4
976 966 4
68 967 4
867 967 -4
957 967 4
966 967 4
968 967 4
977 967 -4
69 968 4
868 968 -4
958 968 -4
967 968 4
978 968 -4
70 969 -4
869 969 -4
959 969 4
970 969 4
979 969 4
71 970 -4
870 970 4
960 970 -4
969 970 4
971 970 -4
980 970 4
72 971 4
871 971 -4
961 971 4
970 971 -4
972 971 4
981 971 4
73 972 4
872 972 4
962 972 4
971 972 4
973 972 4
982 972 4
74 973 -4
873 973 -4
963 973 4
972 973 4
974 973 4
983 973 -4
75 974 -4
874 974 4
964 974 4
973 974 4
975 974 -4
984 974 4
76 975 4
875 975 -4
965 975 4
974 975 -4
976 975 -4
985 975 4
77 976 -4
876 976 4
966 976 4
975 976 -4
977 976 4
986 976 4
78 977 4
877 977 -4
967 977 -4
976 977 4
978 977 4
987 977 -4
79 978 4
878 978 4
968 978 -4
977 978 4
988 978 4
80 979 -4
879 979 4
969 979 4
980 979 4
989 979 -4
81 980 -4
880 980 -4
970 980 4
979 980 4
981 980 4
990 980 -4
82 981 4
881 981 4
971 981 4
980 981 4
982 981 -4
991 981 4
83 982 -4
882 982 -4
972 982 4
981 982 -4
983 982 4
992 982 -4
84 983 4
883 983 4
973 983 -4
982 983 4
984 983 4
993 983 4
85 984 4
884 984 -4
974 984 4
983 984 4
985 984 -4
994 984 4
86 985 -4
885 985 -4
975 985 4
984 985 -4
986 985 -4
995 985 4
87 986 4
886 986 4
976 986 4
985 986 -4
987 986 4
996 986 4
88 987 4
887 987 4
977 987 -4
986 987 4
988 987 4
997 987 4
89 988 -4
888 988 4
978 988 4
987 988 4
998 988 -4
90 989 -4
889 989 -4
979 989 -4
990 989 -4
91 990 4
890 990 -4
980 990 -4
989 990 -4
991 990 -4
92 991 -4
891 991 4
981 991 4
990 991 -4
992 991 4
93 992 4
892 992 4
982 992 -4
991 992 4
993 992 -4
94 993 -4
893 993 4
983 993 4
992 993 -4
994 993 -4
95 994 -4
894 994 4
984 994 4
993 994 -4
995 994 -4
96 995 -4
895 995 4
985 995 4
994 995 -4
996 995 4
97 996 -4
896 996 -4
986 996 4
995 996 4
997 996 4
98 997 -4
897 997 -4
987 997 4
996 997 4
998 997 -4
99 998 4
898 998 4
988 998 -4
997 998 -4
