1 0 -4
8 0 -4
64 0 -4
448 0 4
0 1 -4
2 1 -4
9 1 -4
65 1 4
449 1 4
1 2 -4
3 2 4
10 2 -4
66 2 -4
450 2 4
2 3 4
4 3 -4
11 3 -4
67 3 4
451 3 4
3 4 -4
5 4 4
12 4 4
68 4 4
452 4 4
4 5 4
6 5 -4
13 5 -4
69 5 -4
453 5 4
5 6 -4
7 6 -4
14 6 -4
70 6 -4
454 6 -4
6 7 -4
15 7 -4
71 7 -4
455 7 -4
0 8 -4
9 8 4
16 8 -4
72 8 -4
456 8 4
1 9 -4
8 9 4
10 9 -4
17 9 -4
73 9 -4
457 9 -4
2 10 -4
9 10 -4
11 10 -4
18 10 -4
74 10 -4
458 10 4
3 11 -4
10 11 -4
12 11 -4
19 11 4
75 11 -4
459 11 -4
4 12 4
11 12 -4
13 12 -4
20 12 4
76 12 -4
460 12 -4
5 13 -4
12 13 -4
14 13 4
21 13 4
77 13 4
461 13 -4
6 14 -4
13 14 4
15 14 4
22 14 4
78 14 -4
462 14 4
7 15 -4
14 15 4
23 15 -4
79 15 4
463 15 -4
8 16 -4
17 16 4
24 16 4
80 16 -4
464 16 4
9 17 -4
16 17 4
18 17 -4
25 17 4
81 17 4
465 17 -4
10 18 -4
17 18 -4
19 18 4
26 18 -4
82 18 4
466 18 4
11 19 4
18 19 4
20 19 4
27 19 4
83 19 -4
467 19 4
12 20 4
19 20 4
21 20 -4
28 20 4
84 20 -4
468 20 4
13 21 4
20 21 -4
22 21 4
29 21 -4
85 21 -4
469 21 -4
14 22 4
21 22 4
23 22 4
30 22 -4
86 22 -4
470 22 4
15 23 -4
22 23 4
31 23 4
87 23 -4
471 23 4
16 24 4
25 24 -4
32 24 4
88 24 4
472 24 -4
17 25 4
24 25 -4
26 25 4
33 25 4
89 25 4
473 25 -4
18 26 -4
25 26 4
27 26 4
34 26 4
90 26 -4
474 26 -4
19 27 4
26 27 4
28 27 -4
35 27 4
91 27 -4
475 27 4
20 28 4
27 28 -4
29 28 -4
36 28 4
92 28 -4
476 28 4
21 29 -4
28 29 -4
30 29 4
37 29 -4
93 29 -4
477 29 4
22 30 -4
29 30 4
31 30 4
38 30 4
94 30 -4
478 30 -4
23 31 4
30 31 4
39 31 -4
95 31 4
479 31 4
24 32 4
33 32 -4
40 32 -4
96 32 4
480 32 -4
25 33 4
32 33 -4
34 33 -4
41 33 4
97 33 4
481 33 4
26 34 4
33 34 -4
35 34 -4
42 34 -4
98 34 -4
482 34 -4
27 35 4
34 35 -4
36 35 4
43 35 4
99 35 -4
483 35 -4
28 36 4
35 36 4
37 36 4
44 36 4
100 36 -4
484 36 4
29 37 -4
36 37 4
38 37 -4
45 37 -4
101 37 -4
485 37 4
30 38 4
37 38 -4
39 38 4
46 38 4
102 38 4
486 38 -4
31 39 -4
38 39 4
47 39 4
103 39 -4
487 39 -4
32 40 -4
41 40 -4
48 40 4
104 40 -4
488 40 4
33 41 4
40 41 -4
42 41 -4
49 41 4
105 41 -4
489 41 4
34 42 -4
41 42 -4
43 42 4
50 42 4
106 42 4
490 42 4
35 43 4
42 43 4
44 43 -4
51 43 4
107 43 4
491 43 -4
36 44 4
43 44 -4
45 44 -4
52 44 4
108 44 -4
492 44 -4
37 45 -4
44 45 -4
46 45 -4
53 45 4
109 45 -4
493 45 -4
38 46 4
45 46 -4
47 46 4
54 46 -4
110 46 -4
494 46 4
39 47 4
46 47 4
55 47 4
111 47 -4
495 47 -4
40 48 4
49 48 -4
56 48 4
112 48 4
496 48 4
41 49 4
48 49 -4
50 49 4
57 49 4
113 49 -4
497 49 -4
42 50 4
49 50 4
51 50 -4
58 50 -4
114 50 -4
498 50 4
43 51 4
50 51 -4
52 51 -4
59 51 -4
115 51 -4
499 51 -4
44 52 4
51 52 -4
53 52 -4
60 52 4
116 52 4
500 52 4
45 53 4
52 53 -4
54 53 -4
61 53 4
117 53 4
501 53 -4
46 54 -4
53 54 -4
55 54 4
62 54 -4
118 54 4
502 54 -4
47 55 4
54 55 4
63 55 -4
119 55 4
503 55 -4
48 56 4
57 56 -4
120 56 4
504 56 4
49 57 4
56 57 -4
58 57 4
121 57 -4
505 57 4
50 58 -4
57 58 4
59 58 4
122 58 4
506 58 -4
51 59 -4
58 59 4
60 59 -4
123 59 4
507 59 4
52 60 4
59 60 -4
61 60 4
124 60 -4
508 60 -4
53 61 4
60 61 4
62 61 4
125 61 -4
509 61 4
54 62 -4
61 62 4
63 62 -4
126 62 -4
510 62 -4
55 63 -4
62 63 -4
127 63 -4
511 63 4
0 64 -4
65 64 4
72 64 4
128 64 4
1 65 4
64 65 4
66 65 -4
73 65 4
129 65 4
2 66 -4
65 66 -4
67 66 4
74 66 4
130 66 4
3 67 4
66 67 4
68 67 4
75 67 4
131 67 4
4 68 4
67 68 4
69 68 -4
76 68 -4
132 68 -4
5 69 -4
68 69 -4
70 69 4
77 69 4
133 69 -4
6 70 -4
69 70 4
71 70 4
78 70 4
134 70 4
7 71 -4
70 71 4
79 71 4
135 71 4
8 72 -4
64 72 4
73 72 -4
80 72 -4
136 72 4
9 73 -4
65 73 4
72 73 -4
74 73 -4
81 73 -4
137 73 -4
10 74 -4
66 74 4
73 74 -4
75 74 -4
82 74 -4
138 74 4
11 75 -4
67 75 4
74 75 -4
76 75 -4
83 75 4
139 75 4
12 76 -4
68 76 -4
75 76 -4
77 76 -4
84 76 4
140 76 -4
13 77 4
69 77 4
76 77 -4
78 77 -4
85 77 4
141 77 -4
14 78 -4
70 78 4
77 78 -4
79 78 -4
86 78 4
142 78 4
15 79 4
71 79 4
78 79 -4
87 79 4
143 79 -4
16 80 -4
72 80 -4
81 80 -4
88 80 4
144 80 4
17 81 4
73 81 -4
80 81 -4
82 81 4
89 81 4
145 81 4
18 82 4
74 82 -4
81 82 4
83 82 4
90 82 4
146 82 4
19 83 -4
75 83 4
82 83 4
84 83 -4
91 83 4
147 83 -4
20 84 -4
76 84 4
83 84 -4
85 84 -4
92 84 -4
148 84 -4
21 85 -4
77 85 4
84 85 -4
86 85 4
93 85 4
149 85 -4
22 86 -4
78 86 4
85 86 4
87 86 -4
94 86 -4
150 86 -4
23 87 -4
79 87 4
86 87 -4
95 87 4
151 87 -4
24 88 4
80 88 4
89 88 4
96 88 4
152 88 -4
25 89 4
81 89 4
88 89 4
90 89 -4
97 89 4
153 89 4
26 90 -4
82 90 4
89 90 -4
91 90 -4
98 90 4
154 90 -4
27 91 -4
83 91 4
90 91 -4
92 91 -4
99 91 -4
155 91 4
28 92 -4
84 92 -4
91 92 -4
93 92 -4
100 92 4
156 92 4
29 93 -4
85 93 4
92 93 -4
94 93 -4
101 93 4
157 93 -4
30 94 -4
86 94 -4
93 94 -4
95 94 -4
102 94 -4
158 94 4
31 95 4
87 95 4
94 95 -4
103 95 -4
159 95 -4
32 96 4
88 96 4
97 96 4
104 96 4
160 96 4
33 97 4
89 97 4
96 97 4
98 97 -4
105 97 -4
161 97 4
34 98 -4
90 98 4
97 98 -4
99 98 -4
106 98 -4
162 98 -4
35 99 -4
91 99 -4
98 99 -4
100 99 4
107 99 4
163 99 4
36 100 -4
92 100 4
99 100 4
101 100 -4
108 100 4
164 100 -4
37 101 -4
93 101 4
100 101 -4
102 101 -4
109 101 4
165 101 -4
38 102 4
94 102 -4
101 102 -4
103 102 4
110 102 4
166 102 4
39 103 -4
95 103 -4
102 103 4
111 103 -4
167 103 4
40 104 -4
96 104 4
105 104 4
112 104 4
168 104 -4
41 105 -4
97 105 -4
104 105 4
106 105 4
113 105 -4
169 105 4
42 106 4
98 106 -4
105 106 4
107 106 4
114 106 4
170 106 -4
43 107 4
99 107 4
106 107 4
108 107 4
115 107 -4
171 107 -4
44 108 -4
100 108 4
107 108 4
109 108 4
116 108 4
172 108 -4
45 109 -4
101 109 4
108 109 4
110 109 -4
117 109 -4
173 109 -4
46 110 -4
102 110 4
109 110 -4
111 110 -4
118 110 -4
174 110 -4
47 111 -4
103 111 -4
110 111 -4
119 111 -4
175 111 4
48 112 4
104 112 4
113 112 4
120 112 -4
176 112 -4
49 113 -4
105 113 -4
112 113 4
114 113 -4
121 113 4
177 113 4
50 114 -4
106 114 4
113 114 -4
115 114 4
122 114 -4
178 114 -4
51 115 -4
107 115 -4
114 115 4
116 115 4
123 115 4
179 115 -4
52 116 4
108 116 4
115 116 4
117 116 4
124 116 4
180 116 4
53 117 4
109 117 -4
116 117 4
118 117 4
125 117 4
181 117 4
54 118 4
110 118 -4
117 118 4
119 118 -4
126 118 -4
182 118 -4
55 119 4
111 119 -4
118 119 -4
127 119 4
183 119 4
56 120 4
112 120 -4
121 120 -4
184 120 -4
57 121 -4
113 121 4
120 121 -4
122 121 4
185 121 -4
58 122 4
114 122 -4
121 122 4
123 122 -4
186 122 -4
59 123 4
115 123 4
122 123 -4
124 123 4
187 123 4
60 124 -4
116 124 4
123 124 4
125 124 -4
188 124 4
61 125 -4
117 125 4
124 125 -4
126 125 -4
189 125 -4
62 126 -4
118 126 -4
125 126 -4
127 126 -4
190 126 4
63 127 -4
119 127 4
126 127 -4
191 127 -4
64 128 4
129 128 4
136 128 -4
192 128 -4
65 129 4
128 129 4
130 129 4
137 129 -4
193 129 -4
66 130 4
129 130 4
131 130 4
138 130 -4
194 130 4
67 131 4
130 131 4
132 131 4
139 131 -4
195 131 4
68 132 -4
131 132 4
133 132 -4
140 132 4
196 132 -4
69 133 -4
132 133 -4
134 133 -4
141 133 -4
197 133 4
70 134 4
133 134 -4
135 134 4
142 134 4
198 134 4
71 135 4
134 135 4
143 135 -4
199 135 4
72 136 4
128 136 -4
137 136 -4
144 136 -4
200 136 4
73 137 -4
129 137 -4
136 137 -4
138 137 4
145 137 4
201 137 4
74 138 4
130 138 -4
137 138 4
139 138 4
146 138 4
202 138 4
75 139 4
131 139 -4
138 139 4
140 139 -4
147 139 4
203 139 4
76 140 -4
132 140 4
139 140 -4
141 140 -4
148 140 -4
204 140 4
77 141 -4
133 141 -4
140 141 -4
142 141 -4
149 141 -4
205 141 4
78 142 4
134 142 4
141 142 -4
143 142 -4
150 142 4
206 142 4
79 143 -4
135 143 -4
142 143 -4
151 143 4
207 143 -4
80 144 4
136 144 -4
145 144 -4
152 144 -4
208 144 -4
81 145 4
137 145 4
144 145 -4
146 145 -4
153 145 -4
209 145 4
82 146 4
138 146 4
145 146 -4
147 146 -4
154 146 -4
210 146 4
83 147 -4
139 147 4
146 147 -4
148 147 -4
155 147 -4
211 147 -4
84 148 -4
140 148 -4
147 148 -4
149 148 4
156 148 4
212 148 -4
85 149 -4
141 149 -4
148 149 4
150 149 4
157 149 -4
213 149 4
86 150 -4
142 150 4
149 150 4
151 150 -4
158 150 4
214 150 -4
87 151 -4
143 151 4
150 151 -4
159 151 4
215 151 -4
88 152 -4
144 152 -4
153 152 -4
160 152 4
216 152 4
89 153 4
145 153 -4
152 153 -4
154 153 4
161 153 -4
217 153 -4
90 154 -4
146 154 -4
153 154 4
155 154 4
162 154 -4
218 154 4
91 155 4
147 155 -4
154 155 4
156 155 -4
163 155 -4
219 155 -4
92 156 4
148 156 4
155 156 -4
157 156 4
164 156 -4
220 156 4
93 157 -4
149 157 -4
156 157 4
158 157 -4
165 157 -4
221 157 -4
94 158 4
150 158 4
157 158 -4
159 158 -4
166 158 4
222 158 4
95 159 -4
151 159 4
158 159 -4
167 159 4
223 159 4
96 160 4
152 160 4
161 160 -4
168 160 4
224 160 -4
97 161 4
153 161 -4
160 161 -4
162 161 -4
169 161 -4
225 161 4
98 162 -4
154 162 -4
161 162 -4
163 162 -4
170 162 -4
226 162 4
99 163 4
155 163 -4
162 163 -4
164 163 -4
171 163 4
227 163 -4
100 164 -4
156 164 -4
163 164 -4
165 164 -4
172 164 4
228 164 -4
101 165 -4
157 165 -4
164 165 -4
166 165 -4
173 165 4
229 165 -4
102 166 4
158 166 4
165 166 -4
167 166 4
174 166 -4
230 166 4
103 167 4
159 167 4
166 167 4
175 167 -4
231 167 -4
104 168 -4
160 168 4
169 168 4
176 168 4
232 168 -4
105 169 4
161 169 -4
168 169 4
170 169 -4
177 169 -4
233 169 4
106 170 -4
162 170 -4
169 170 -4
171 170 -4
178 170 4
234 170 -4
107 171 -4
163 171 4
170 171 -4
172 171 -4
179 171 -4
235 171 -4
108 172 -4
164 172 4
171 172 -4
173 172 -4
180 172 4
236 172 -4
109 173 -4
165 173 4
172 173 -4
174 173 -4
181 173 4
237 173 4
110 174 -4
166 174 -4
173 174 -4
175 174 -4
182 174 4
238 174 4
111 175 4
167 175 -4
174 175 -4
183 175 -4
239 175 -4
112 176 -4
168 176 4
177 176 4
184 176 -4
240 176 4
113 177 4
169 177 -4
176 177 4
178 177 -4
185 177 4
241 177 4
114 178 -4
170 178 4
177 178 -4
179 178 -4
186 178 -4
242 178 4
115 179 -4
171 179 -4
178 179 -4
180 179 4
187 179 -4
243 179 -4
116 180 4
172 180 4
179 180 4
181 180 -4
188 180 4
244 180 -4
117 181 4
173 181 4
180 181 -4
182 181 -4
189 181 -4
245 181 4
118 182 -4
174 182 4
181 182 -4
183 182 -4
190 182 -4
246 182 4
119 183 4
175 183 -4
182 183 -4
191 183 4
247 183 -4
120 184 -4
176 184 -4
185 184 -4
248 184 4
121 185 -4
177 185 4
184 185 -4
186 185 -4
249 185 4
122 186 -4
178 186 -4
185 186 -4
187 186 -4
250 186 4
123 187 4
179 187 -4
186 187 -4
188 187 -4
251 187 -4
124 188 4
180 188 4
187 188 -4
189 188 -4
252 188 4
125 189 -4
181 189 -4
188 189 -4
190 189 -4
253 189 -4
126 190 4
182 190 -4
189 190 -4
191 190 4
254 190 -4
127 191 -4
183 191 4
190 191 4
255 191 4
128 192 -4
193 192 4
200 192 4
256 192 4
129 193 -4
192 193 4
194 193 -4
201 193 4
257 193 4
130 194 4
193 194 -4
195 194 -4
202 194 4
258 194 -4
131 195 4
194 195 -4
196 195 -4
203 195 -4
259 195 -4
132 196 -4
195 196 -4
197 196 4
204 196 4
260 196 -4
133 197 4
196 197 4
198 197 -4
205 197 4
261 197 4
134 198 4
197 198 -4
199 198 -4
206 198 4
262 198 4
135 199 4
198 199 -4
207 199 4
263 199 4
136 200 4
192 200 4
201 200 4
208 200 4
264 200 4
137 201 4
193 201 4
200 201 4
202 201 4
209 201 -4
265 201 4
138 202 4
194 202 4
201 202 4
203 202 -4
210 202 4
266 202 -4
139 203 4
195 203 -4
202 203 -4
204 203 -4
211 203 4
267 203 -4
140 204 4
196 204 4
203 204 -4
205 204 4
212 204 4
268 204 4
141 205 4
197 205 4
204 205 4
206 205 -4
213 205 4
269 205 -4
142 206 4
198 206 4
205 206 -4
207 206 -4
214 206 -4
270 206 4
143 207 -4
199 207 4
206 207 -4
215 207 -4
271 207 -4
144 208 -4
200 208 4
209 208 -4
216 208 4
272 208 -4
145 209 4
201 209 -4
208 209 -4
210 209 -4
217 209 -4
273 209 4
146 210 4
202 210 4
209 210 -4
211 210 4
218 210 -4
274 210 -4
147 211 -4
203 211 4
210 211 4
212 211 -4
219 211 -4
275 211 4
148 212 -4
204 212 4
211 212 -4
213 212 -4
220 212 4
276 212 -4
149 213 4
205 213 4
212 213 -4
214 213 4
221 213 -4
277 213 4
150 214 -4
206 214 -4
213 214 4
215 214 -4
222 214 4
278 214 4
151 215 -4
207 215 -4
214 215 -4
223 215 4
279 215 -4
152 216 4
208 216 4
217 216 4
224 216 -4
280 216 -4
153 217 -4
209 217 -4
216 217 4
218 217 4
225 217 -4
281 217 -4
154 218 4
210 218 -4
217 218 4
219 218 -4
226 218 4
282 218 -4
155 219 -4
211 219 -4
218 219 -4
220 219 4
227 219 -4
283 219 -4
156 220 4
212 220 4
219 220 4
221 220 -4
228 220 -4
284 220 4
157 221 -4
213 221 -4
220 221 -4
222 221 -4
229 221 -4
285 221 -4
158 222 4
214 222 4
221 222 -4
223 222 -4
230 222 -4
286 222 -4
159 223 4
215 223 4
222 223 -4
231 223 4
287 223 4
160 224 -4
216 224 -4
225 224 4
232 224 4
288 224 4
161 225 4
217 225 -4
224 225 4
226 225 -4
233 225 -4
289 225 4
162 226 4
218 226 4
225 226 -4
227 226 -4
234 226 4
290 226 -4
163 227 -4
219 227 -4
226 227 -4
228 227 -4
235 227 4
291 227 4
164 228 -4
220 228 -4
227 228 -4
229 228 -4
236 228 -4
292 228 -4
165 229 -4
221 229 -4
228 229 -4
230 229 -4
237 229 -4
293 229 4
166 230 4
222 230 -4
229 230 -4
231 230 4
238 230 4
294 230 4
167 231 -4
223 231 4
230 231 4
239 231 4
295 231 -4
168 232 -4
224 232 4
233 232 4
240 232 4
296 232 4
169 233 4
225 233 -4
232 233 4
234 233 4
241 233 4
297 233 4
170 234 -4
226 234 4
233 234 4
235 234 4
242 234 4
298 234 -4
171 235 -4
227 235 4
234 235 4
236 235 -4
243 235 -4
299 235 -4
172 236 -4
228 236 -4
235 236 -4
237 236 -4
244 236 -4
300 236 -4
173 237 4
229 237 -4
236 237 -4
238 237 4
245 237 4
301 237 -4
174 238 4
230 238 4
237 238 4
239 238 4
246 238 4
302 238 -4
175 239 -4
231 239 4
238 239 4
247 239 4
303 239 -4
176 240 4
232 240 4
241 240 -4
248 240 -4
304 240 -4
177 241 4
233 241 4
240 241 -4
242 241 4
249 241 4
305 241 4
178 242 4
234 242 4
241 242 4
243 242 4
250 242 -4
306 242 -4
179 243 -4
235 243 -4
242 243 4
244 243 4
251 243 -4
307 243 -4
180 244 -4
236 244 -4
243 244 4
245 244 -4
252 244 4
308 244 4
181 245 4
237 245 4
244 245 -4
246 245 4
253 245 -4
309 245 -4
182 246 4
238 246 4
245 246 4
247 246 4
254 246 4
310 246 4
183 247 -4
239 247 4
246 247 4
255 247 4
311 247 4
184 248 4
240 248 -4
249 248 4
312 248 4
185 249 4
241 249 4
248 249 4
250 249 4
313 249 -4
186 250 4
242 250 -4
249 250 4
251 250 4
314 250 4
187 251 -4
243 251 -4
250 251 4
252 251 4
315 251 4
188 252 4
244 252 4
251 252 4
253 252 4
316 252 -4
189 253 -4
245 253 -4
252 253 4
254 253 4
317 253 4
190 254 -4
246 254 4
253 254 4
255 254 4
318 254 -4
191 255 4
247 255 4
254 255 4
319 255 -4
192 256 4
257 256 -4
264 256 -4
320 256 4
193 257 4
256 257 -4
258 257 -4
265 257 4
321 257 4
194 258 -4
257 258 -4
259 258 -4
266 258 -4
322 258 -4
195 259 -4
258 259 -4
260 259 4
267 259 4
323 259 4
196 260 -4
259 260 4
261 260 -4
268 260 4
324 260 4
197 261 4
260 261 -4
262 261 -4
269 261 -4
325 261 -4
198 262 4
261 262 -4
263 262 -4
270 262 4
326 262 -4
199 263 4
262 263 -4
271 263 4
327 263 -4
200 264 4
256 264 -4
265 264 4
272 264 -4
328 264 -4
201 265 4
257 265 4
264 265 4
266 265 -4
273 265 -4
329 265 4
202 266 -4
258 266 -4
265 266 -4
267 266 -4
274 266 -4
330 266 -4
203 267 -4
259 267 4
266 267 -4
268 267 -4
275 267 -4
331 267 4
204 268 4
260 268 4
267 268 -4
269 268 4
276 268 4
332 268 -4
205 269 -4
261 269 -4
268 269 4
270 269 -4
277 269 4
333 269 -4
206 270 4
262 270 4
269 270 -4
271 270 -4
278 270 -4
334 270 4
207 271 -4
263 271 4
270 271 -4
279 271 -4
335 271 4
208 272 -4
264 272 -4
273 272 -4
280 272 4
336 272 -4
209 273 4
265 273 -4
272 273 -4
274 273 4
281 273 4
337 273 -4
210 274 -4
266 274 -4
273 274 4
275 274 -4
282 274 -4
338 274 -4
211 275 4
267 275 -4
274 275 -4
276 275 4
283 275 -4
339 275 4
212 276 -4
268 276 4
275 276 4
277 276 -4
284 276 4
340 276 -4
213 277 4
269 277 4
276 277 -4
278 277 -4
285 277 4
341 277 -4
214 278 4
270 278 -4
277 278 -4
279 278 4
286 278 -4
342 278 4
215 279 -4
271 279 -4
278 279 4
287 279 -4
343 279 -4
216 280 -4
272 280 4
281 280 -4
288 280 -4
344 280 4
217 281 -4
273 281 4
280 281 -4
282 281 -4
289 281 4
345 281 -4
218 282 -4
274 282 -4
281 282 -4
283 282 -4
290 282 4
346 282 4
219 283 -4
275 283 -4
282 283 -4
284 283 -4
291 283 4
347 283 4
220 284 4
276 284 4
283 284 -4
285 284 4
292 284 4
348 284 4
221 285 -4
277 285 4
284 285 4
286 285 4
293 285 -4
349 285 -4
222 286 -4
278 286 -4
285 286 4
287 286 -4
294 286 4
350 286 -4
223 287 4
279 287 -4
286 287 -4
295 287 4
351 287 4
224 288 4
280 288 -4
289 288 -4
296 288 -4
352 288 -4
225 289 4
281 289 4
288 289 -4
290 289 4
297 289 4
353 289 -4
226 290 -4
282 290 4
289 290 4
291 290 -4
298 290 4
354 290 -4
227 291 4
283 291 4
290 291 -4
292 291 4
299 291 -4
355 291 4
228 292 -4
284 292 4
291 292 4
293 292 4
300 292 -4
356 292 -4
229 293 4
285 293 -4
292 293 4
294 293 -4
301 293 -4
357 293 4
230 294 4
286 294 4
293 294 -4
295 294 -4
302 294 4
358 294 4
231 295 -4
287 295 4
294 295 -4
303 295 4
359 295 -4
232 296 4
288 296 -4
297 296 4
304 296 -4
360 296 -4
233 297 4
289 297 4
296 297 4
298 297 -4
305 297 4
361 297 -4
234 298 -4
290 298 4
297 298 -4
299 298 4
306 298 -4
362 298 -4
235 299 -4
291 299 -4
298 299 4
300 299 4
307 299 -4
363 299 -4
236 300 -4
292 300 -4
299 300 4
301 300 -4
308 300 -4
364 300 4
237 301 -4
293 301 -4
300 301 -4
302 301 4
309 301 4
365 301 -4
238 302 -4
294 302 4
301 302 4
303 302 4
310 302 -4
366 302 -4
239 303 -4
295 303 4
302 303 4
311 303 -4
367 303 4
240 304 -4
296 304 -4
305 304 4
312 304 4
368 304 4
241 305 4
297 305 4
304 305 4
306 305 -4
313 305 4
369 305 4
242 306 -4
298 306 -4
305 306 -4
307 306 4
314 306 -4
370 306 -4
243 307 -4
299 307 -4
306 307 4
308 307 -4
315 307 -4
371 307 4
244 308 4
300 308 -4
307 308 -4
309 308 -4
316 308 -4
372 308 -4
245 309 -4
301 309 4
308 309 -4
310 309 4
317 309 -4
373 309 4
246 310 4
302 310 -4
309 310 4
311 310 -4
318 310 -4
374 310 4
247 311 4
303 311 -4
310 311 -4
319 311 4
375 311 -4
248 312 4
304 312 4
313 312 4
376 312 4
249 313 -4
305 313 4
312 313 4
314 313 4
377 313 -4
250 314 4
306 314 -4
313 314 4
315 314 -4
378 314 4
251 315 4
307 315 -4
314 315 -4
316 315 -4
379 315 4
252 316 -4
308 316 -4
315 316 -4
317 316 4
380 316 4
253 317 4
309 317 -4
316 317 4
318 317 -4
381 317 4
254 318 -4
310 318 -4
317 318 -4
319 318 -4
382 318 4
255 319 -4
311 319 4
318 319 -4
383 319 -4
256 320 4
321 320 -4
328 320 -4
384 320 4
257 321 4
320 321 -4
322 321 -4
329 321 -4
385 321 4
258 322 -4
321 322 -4
323 322 4
330 322 -4
386 322 4
259 323 4
322 323 4
324 323 -4
331 323 -4
387 323 -4
260 324 4
323 324 -4
325 324 -4
332 324 -4
388 324 4
261 325 -4
324 325 -4
326 325 4
333 325 -4
389 325 -4
262 326 -4
325 326 4
327 326 4
334 326 4
390 326 4
263 327 -4
326 327 4
335 327 4
391 327 4
264 328 -4
320 328 -4
329 328 -4
336 328 4
392 328 4
265 329 4
321 329 -4
328 329 -4
330 329 -4
337 329 -4
393 329 -4
266 330 -4
322 330 -4
329 330 -4
331 330 4
338 330 4
394 330 -4
267 331 4
323 331 -4
330 331 4
332 331 4
339 331 -4
395 331 4
268 332 -4
324 332 -4
331 332 4
333 332 -4
340 332 -4
396 332 4
269 333 -4
325 333 -4
332 333 -4
334 333 4
341 333 4
397 333 4
270 334 4
326 334 4
333 334 4
335 334 -4
342 334 4
398 334 4
271 335 4
327 335 4
334 335 -4
343 335 -4
399 335 -4
272 336 -4
328 336 4
337 336 4
344 336 -4
400 336 -4
273 337 -4
329 337 -4
336 337 4
338 337 4
345 337 4
401 337 4
274 338 -4
330 338 4
337 338 4
339 338 4
346 338 -4
402 338 4
275 339 4
331 339 -4
338 339 4
340 339 -4
347 339 4
403 339 4
276 340 -4
332 340 -4
339 340 -4
341 340 -4
348 340 4
404 340 4
277 341 -4
333 341 4
340 341 -4
342 341 -4
349 341 -4
405 341 4
278 342 4
334 342 4
341 342 -4
343 342 -4
350 342 4
406 342 4
279 343 -4
335 343 -4
342 343 -4
351 343 -4
407 343 -4
280 344 4
336 344 -4
345 344 4
352 344 -4
408 344 -4
281 345 -4
337 345 4
344 345 4
346 345 4
353 345 -4
409 345 4
282 346 4
338 346 -4
345 346 4
347 346 4
354 346 -4
410 346 -4
283 347 4
339 347 4
346 347 4
348 347 4
355 347 4
411 347 -4
284 348 4
340 348 4
347 348 4
349 348 4
356 348 4
412 348 -4
285 349 -4
341 349 -4
348 349 4
350 349 -4
357 349 4
413 349 -4
286 350 -4
342 350 4
349 350 -4
351 350 4
358 350 -4
414 350 4
287 351 4
343 351 -4
350 351 4
359 351 -4
415 351 4
288 352 -4
344 352 -4
353 352 -4
360 352 -4
416 352 -4
289 353 -4
345 353 -4
352 353 -4
354 353 -4
361 353 4
417 353 -4
290 354 -4
346 354 -4
353 354 -4
355 354 -4
362 354 4
418 354 4
291 355 4
347 355 4
354 355 -4
356 355 4
363 355 4
419 355 -4
292 356 -4
348 356 4
355 356 4
357 356 4
364 356 -4
420 356 -4
293 357 4
349 357 4
356 357 4
358 357 4
365 357 4
421 357 4
294 358 4
350 358 -4
357 358 4
359 358 -4
366 358 4
422 358 4
295 359 -4
351 359 -4
358 359 -4
367 359 -4
423 359 4
296 360 -4
352 360 -4
361 360 -4
368 360 -4
424 360 -4
297 361 -4
353 361 4
360 361 -4
362 361 -4
369 361 -4
425 361 -4
298 362 -4
354 362 4
361 362 -4
363 362 -4
370 362 -4
426 362 -4
299 363 -4
355 363 4
362 363 -4
364 363 4
371 363 4
427 363 4
300 364 4
356 364 -4
363 364 4
365 364 4
372 364 -4
428 364 -4
301 365 -4
357 365 4
364 365 4
366 365 -4
373 365 -4
429 365 -4
302 366 -4
358 366 4
365 366 -4
367 366 4
374 366 -4
430 366 -4
303 367 4
359 367 -4
366 367 4
375 367 -4
431 367 -4
304 368 4
360 368 -4
369 368 -4
376 368 -4
432 368 -4
305 369 4
361 369 -4
368 369 -4
370 369 -4
377 369 4
433 369 4
306 370 -4
362 370 -4
369 370 -4
371 370 4
378 370 4
434 370 4
307 371 4
363 371 4
370 371 4
372 371 -4
379 371 -4
435 371 4
308 372 -4
364 372 -4
371 372 -4
373 372 4
380 372 4
436 372 4
309 373 4
365 373 -4
372 373 4
374 373 -4
381 373 -4
437 373 -4
310 374 4
366 374 -4
373 374 -4
375 374 -4
382 374 4
438 374 -4
311 375 -4
367 375 -4
374 375 -4
383 375 -4
439 375 -4
312 376 4
368 376 -4
377 376 4
440 376 4
313 377 -4
369 377 4
376 377 4
378 377 4
441 377 -4
314 378 4
370 378 4
377 378 4
379 378 4
442 378 4
315 379 4
371 379 -4
378 379 4
380 379 4
443 379 4
316 380 4
372 380 4
379 380 4
381 380 4
444 380 -4
317 381 4
373 381 -4
380 381 4
382 381 -4
445 381 -4
318 382 4
374 382 4
381 382 -4
383 382 4
446 382 4
319 383 -4
375 383 -4
382 383 4
447 383 -4
320 384 4
385 384 4
392 384 -4
448 384 -4
321 385 4
384 385 4
386 385 4
393 385 -4
449 385 -4
322 386 4
385 386 4
387 386 4
394 386 -4
450 386 4
323 387 -4
386 387 4
388 387 4
395 387 4
451 387 4
324 388 4
387 388 4
389 388 -4
396 388 4
452 388 4
325 389 -4
388 389 -4
390 389 -4
397 389 -4
453 389 4
326 390 4
389 390 -4
391 390 -4
398 390 -4
454 390 -4
327 391 4
390 391 -4
399 391 -4
455 391 4
328 392 4
384 392 -4
393 392 4
400 392 4
456 392 -4
329 393 -4
385 393 -4
392 393 4
394 393 -4
401 393 4
457 393 4
330 394 -4
386 394 -4
393 394 -4
395 394 4
402 394 4
458 394 4
331 395 4
387 395 4
394 395 4
396 395 4
403 395 4
459 395 -4
332 396 4
388 396 4
395 396 4
397 396 4
404 396 4
460 396 4
333 397 4
389 397 -4
396 397 4
398 397 4
405 397 4
461 397 -4
334 398 4
390 398 -4
397 398 4
399 398 4
406 398 -4
462 398 -4
335 399 -4
391 399 -4
398 399 4
407 399 4
463 399 -4
336 400 -4
392 400 4
401 400 4
408 400 4
464 400 -4
337 401 4
393 401 4
400 401 4
402 401 4
409 401 4
465 401 -4
338 402 4
394 402 4
401 402 4
403 402 4
410 402 -4
466 402 4
339 403 4
395 403 4
402 403 4
404 403 -4
411 403 -4
467 403 4
340 404 4
396 404 4
403 404 -4
405 404 4
412 404 4
468 404 4
341 405 4
397 405 4
404 405 4
406 405 4
413 405 4
469 405 4
342 406 4
398 406 -4
405 406 4
407 406 -4
414 406 4
470 406 -4
343 407 -4
399 407 4
406 407 -4
415 407 4
471 407 4
344 408 -4
400 408 4
409 408 -4
416 408 4
472 408 -4
345 409 4
401 409 4
408 409 -4
410 409 -4
417 409 -4
473 409 4
346 410 -4
402 410 -4
409 410 -4
411 410 -4
418 410 4
474 410 4
347 411 -4
403 411 -4
410 411 -4
412 411 -4
419 411 -4
475 411 -4
348 412 -4
404 412 4
411 412 -4
413 412 -4
420 412 -4
476 412 -4
349 413 -4
405 413 4
412 413 -4
414 413 -4
421 413 4
477 413 4
350 414 4
406 414 4
413 414 -4
415 414 4
422 414 -4
478 414 4
351 415 4
407 415 4
414 415 4
423 415 4
479 415 -4
352 416 -4
408 416 4
417 416 -4
424 416 -4
480 416 -4
353 417 -4
409 417 -4
416 417 -4
418 417 -4
425 417 -4
481 417 -4
354 418 4
410 418 4
417 418 -4
419 418 -4
426 418 4
482 418 -4
355 419 -4
411 419 -4
418 419 -4
420 419 -4
427 419 4
483 419 4
356 420 -4
412 420 -4
419 420 -4
421 420 -4
428 420 4
484 420 4
357 421 4
413 421 4
420 421 -4
422 421 4
429 421 -4
485 421 -4
358 422 4
414 422 -4
421 422 4
423 422 4
430 422 -4
486 422 -4
359 423 4
415 423 4
422 423 4
431 423 4
487 423 4
360 424 -4
416 424 -4
425 424 4
432 424 4
488 424 -4
361 425 -4
417 425 -4
424 425 4
426 425 4
433 425 4
489 425 -4
362 426 -4
418 426 4
425 426 4
427 426 -4
434 426 4
490 426 4
363 427 4
419 427 4
426 427 -4
428 427 -4
435 427 4
491 427 -4
364 428 -4
420 428 4
427 428 -4
429 428 -4
436 428 -4
492 428 4
365 429 -4
421 429 -4
428 429 -4
430 429 4
437 429 4
493 429 -4
366 430 -4
422 430 -4
429 430 4
431 430 -4
438 430 4
494 430 -4
367 431 -4
423 431 4
430 431 -4
439 431 -4
495 431 -4
368 432 -4
424 432 4
433 432 4
440 432 4
496 432 4
369 433 4
425 433 4
432 433 4
434 433 4
441 433 -4
497 433 -4
370 434 4
426 434 4
433 434 4
435 434 4
442 434 4
498 434 -4
371 435 4
427 435 4
434 435 4
436 435 -4
443 435 -4
499 435 -4
372 436 4
428 436 -4
435 436 -4
437 436 -4
444 436 4
500 436 4
373 437 -4
429 437 4
436 437 -4
438 437 4
445 437 4
501 437 -4
374 438 -4
430 438 4
437 438 4
439 438 4
446 438 -4
502 438 4
375 439 -4
431 439 -4
438 439 4
447 439 4
503 439 -4
376 440 4
432 440 4
441 440 -4
504 440 -4
377 441 -4
433 441 -4
440 441 -4
442 441 -4
505 441 4
378 442 4
434 442 4
441 442 -4
443 442 4
506 442 4
379 443 4
435 443 -4
442 443 4
444 443 -4
507 443 4
380 444 -4
436 444 4
443 444 -4
445 444 -4
508 444 4
381 445 -4
437 445 4
444 445 -4
446 445 -4
509 445 4
382 446 4
438 446 -4
445 446 -4
447 446 4
510 446 -4
383 447 -4
439 447 4
446 447 4
511 447 4
0 448 4
384 448 -4
449 448 4
456 448 4
1 449 4
385 449 -4
448 449 4
450 449 -4
457 449 4
2 450 4
386 450 4
449 450 -4
451 450 4
458 450 -4
3 451 4
387 451 4
450 451 4
452 451 -4
459 451 4
4 452 4
388 452 4
451 452 -4
453 452 -4
460 452 -4
5 453 4
389 453 4
452 453 -4
454 453 -4
461 453 4
6 454 -4
390 454 -4
453 454 -4
455 454 -4
462 454 -4
7 455 -4
391 455 4
454 455 -4
463 455 4
8 456 4
392 456 -4
448 456 4
457 456 -4
464 456 4
9 457 -4
393 457 4
449 457 4
456 457 -4
458 457 -4
465 457 4
10 458 4
394 458 4
450 458 -4
457 458 -4
459 458 -4
466 458 -4
11 459 -4
395 459 -4
451 459 4
458 459 -4
460 459 -4
467 459 -4
12 460 -4
396 460 4
452 460 -4
459 460 -4
461 460 4
468 460 4
13 461 -4
397 461 -4
453 461 4
460 461 4
462 461 -4
469 461 -4
14 462 4
398 462 -4
454 462 -4
461 462 -4
463 462 -4
470 462 4
15 463 -4
399 463 -4
455 463 4
462 463 -4
471 463 4
16 464 4
400 464 -4
456 464 4
465 464 -4
472 464 -4
17 465 -4
401 465 -4
457 465 4
464 465 -4
466 465 4
473 465 -4
18 466 4
402 466 4
458 466 -4
465 466 4
467 466 -4
474 466 4
19 467 4
403 467 4
459 467 -4
466 467 -4
468 467 -4
475 467 4
20 468 4
404 468 4
460 468 4
467 468 -4
469 468 -4
476 468 4
21 469 -4
405 469 4
461 469 -4
468 469 -4
470 469 -4
477 469 4
22 470 4
406 470 -4
462 470 4
469 470 -4
471 470 -4
478 470 4
23 471 4
407 471 4
463 471 4
470 471 -4
479 471 4
24 472 -4
408 472 -4
464 472 -4
473 472 4
480 472 4
25 473 -4
409 473 4
465 473 -4
472 473 4
474 473 -4
481 473 4
26 474 -4
410 474 4
466 474 4
473 474 -4
475 474 -4
482 474 4
27 475 4
411 475 -4
467 475 4
474 475 -4
476 475 -4
483 475 -4
28 476 4
412 476 -4
468 476 4
475 476 -4
477 476 -4
484 476 -4
29 477 4
413 477 4
469 477 4
476 477 -4
478 477 4
485 477 -4
30 478 -4
414 478 4
470 478 4
477 478 4
479 478 -4
486 478 -4
31 479 4
415 479 -4
471 479 4
478 479 -4
487 479 -4
32 480 -4
416 480 -4
472 480 4
481 480 4
488 480 -4
33 481 4
417 481 -4
473 481 4
480 481 4
482 481 -4
489 481 4
34 482 -4
418 482 -4
474 482 4
481 482 -4
483 482 -4
490 482 -4
35 483 -4
419 483 4
475 483 -4
482 483 -4
484 483 -4
491 483 -4
36 484 4
420 484 4
476 484 -4
483 484 -4
485 484 -4
492 484 4
37 485 4
421 485 -4
477 485 -4
484 485 -4
486 485 4
493 485 -4
38 486 -4
422 486 -4
478 486 -4
485 486 4
487 486 -4
494 486 -4
39 487 -4
423 487 4
479 487 -4
486 487 -4
495 487 -4
40 488 4
424 488 -4
480 488 -4
489 488 -4
496 488 -4
41 489 4
425 489 -4
481 489 4
488 489 -4
490 489 4
497 489 4
42 490 4
426 490 4
482 490 -4
489 490 4
491 490 -4
498 490 4
43 491 -4
427 491 -4
483 491 -4
490 491 -4
492 491 -4
499 491 -4
44 492 -4
428 492 4
484 492 4
491 492 -4
493 492 -4
500 492 -4
45 493 -4
429 493 -4
485 493 -4
492 493 -4
494 493 4
501 493 4
46 494 4
430 494 -4
486 494 -4
493 494 4
495 494 4
502 494 -4
47 495 -4
431 495 -4
487 495 -4
494 495 4
503 495 4
48 496 4
432 496 4
488 496 -4
497 496 4
504 496 -4
49 497 -4
433 497 -4
489 497 4
496 497 4
498 497 -4
505 497 -4
50 498 4
434 498 -4
490 498 4
497 498 -4
499 498 4
506 498 4
51 499 -4
435 499 -4
491 499 -4
498 499 4
500 499 4
507 499 -4
52 500 4
436 500 4
492 500 -4
499 500 4
501 500 4
508 500 -4
53 501 -4
437 501 -4
493 501 4
500 501 4
502 501 -4
509 501 4
54 502 -4
438 502 4
494 502 -4
501 502 -4
503 502 -4
510 502 -4
55 503 -4
439 503 -4
495 503 4
502 503 -4
511 503 4
56 504 4
440 504 -4
496 504 -4
505 504 4
57 505 4
441 505 4
497 505 -4
504 505 4
506 505 -4
58 506 -4
442 506 4
498 506 4
505 506 -4
507 506 -4
59 507 4
443 507 4
499 507 -4
506 507 -4
508 507 -4
60 508 -4
444 508 4
500 508 -4
507 508 -4
509 508 4
61 509 4
445 509 4
501 509 4
508 509 4
510 509 -4
62 510 -4
446 510 -4
502 510 -4
509 510 -4
511 510 -4
63 511 4
447 511 4
503 511 4
510 511 -4
