6.194990 0.261682 0.000323 0.000257
7.054960 0.239323 0.000348 0.000188
7.551575 0.223611 0.000125 0.000319
8.361460 0.208007 0.000186 0.000254
9.439120 0.188885 0.000141 0.000243
10.611470 0.171759 0.000206 0.000247
11.808715 0.157473 0.000221 0.000209
12.653400 0.149642 0.000114 0.000194
14.316550 0.136012 0.000173 0.000197
16.016975 0.124568 0.000160 0.000238
18.041445 0.114051 0.000139 0.000204
20.110000 0.104235 0.000156 0.000190
22.185000 0.095803 0.000134 0.000191
24.210000 0.089183 0.000137 0.000167
27.060000 0.082493 0.000121 0.000119
29.950000 0.077114 0.000082 0.000113
33.045000 0.072211 0.000151 0.000190
36.000000 0.067664 0.000124 0.000160
39.960000 0.063212 0.000150 0.000113
44.000000 0.059871 0.000152 0.000089
49.000000 0.056363 0.000094 0.000148
54.000000 0.053184 0.000105 0.000183
60.000000 0.050611 0.000095 0.000180
70.000000 0.047065 0.000132 0.000132
80.000000 0.044875 0.000089 0.000105
90.000000 0.043133 0.000170 0.000136
100.000000 0.041858 0.000120 0.000099
120.000000 0.039993 0.000159 0.000129
140.000000 0.038815 0.000176 0.000154
160.000000 0.037920 0.000129 0.000202
180.000000 0.037271 0.000175 0.000139
200.000000 0.036672 0.000110 0.000218
240.000000 0.035662 0.000090 0.000235
280.000000 0.034830 0.000184 0.000204
320.000000 0.034091 0.000151 0.000146
400.000000 0.032659 0.000179 0.000169
480.000000 0.031415 0.000133 0.000129
560.000000 0.030315 0.000143 0.000102
640.000000 0.029270 0.000158 0.000148
800.000000 0.027593 0.000146 0.000096
1200.000000 0.024600 0.000079 0.000108
1600.000000 0.022666 0.000086 0.000125
3200.000000 0.019106 0.000080 0.000124
6400.000000 0.016515 0.000089 0.000064
12800.000000 0.014434 0.000066 0.000084
25600.000000 0.012861 0.000082 0.000082
51200.000000 0.011604 0.000069 0.000064
102400.000000 0.010665 0.000074 0.000062
204800.000000 0.009966 0.000082 0.000092
409600.000000 0.009458 0.000122 0.000107
