2 0.271565 0.001100 0.001198
4 0.174612 0.000932 0.000933
10 0.098001 0.000626 0.000797
12 0.086725 0.000647 0.000701
20 0.060667 0.000592 0.000640
30 0.045121 0.000510 0.000491
40 0.035730 0.000514 0.000521
50 0.029201 0.000413 0.000536
60 0.024362 0.000464 0.000451
70 0.020639 0.000525 0.000401
80 0.017565 0.000415 0.000473
90 0.015168 0.000434 0.000407
100 0.013106 0.000398 0.000387
128 0.009073 0.000351 0.000319
150 0.007044 0.000300 0.000327
176 0.005331 0.000322 0.000294
200 0.004165 0.000251 0.000265
250 0.002764 0.000273 0.000231
300 0.001955 0.000167 0.000166
400 0.001169 0.000163 0.000171
500 0.000797 0.000118 0.000124
600 0.000597 0.000099 0.000127
700 0.000455 0.000089 0.000097
800 0.000390 0.000080 0.000093
900 0.000332 0.000079 0.000085
1000 0.000289 0.000050 0.000081
1280 0.000217 0.000056 0.000074
1500 0.000186 0.000047 0.000068
1750 0.000158 0.000041 0.000060
2000 0.000141 0.000045 0.000057
2500 0.000118 0.000046 0.000048
3000 0.000109 0.000037 0.000060
4000 0.000095 0.000040 0.000043
5000 0.000086 0.000038 0.000049
6000 0.000080 0.000033 0.000052
7000 0.000079 0.000037 0.000050
8000 0.000078 0.000033 0.000046
9000 0.000075 0.000037 0.000049
10000 0.000072 0.000038 0.000045
20000 0.000066 0.000039 0.000046
