2 0.298350 0.000808 0.000923
4 0.196911 0.000513 0.000653
10 0.117310 0.000413 0.000464
12 0.105409 0.000381 0.000371
20 0.077212 0.000384 0.000350
30 0.060557 0.000376 0.000342
40 0.051150 0.000304 0.000320
50 0.044804 0.000285 0.000295
60 0.040026 0.000272 0.000324
70 0.036300 0.000304 0.000343
80 0.033147 0.000266 0.000386
90 0.030514 0.000273 0.000263
100 0.028239 0.000302 0.000312
128 0.023108 0.000318 0.000309
150 0.020010 0.000297 0.000322
176 0.017112 0.000284 0.000300
200 0.014931 0.000326 0.000288
250 0.011458 0.000284 0.000275
300 0.008995 0.000301 0.000294
400 0.005945 0.000243 0.000207
500 0.004187 0.000205 0.000241
600 0.003112 0.000178 0.000230
700 0.002444 0.000176 0.000183
800 0.001998 0.000167 0.000175
900 0.001671 0.000135 0.000164
1000 0.001433 0.000129 0.000143
1280 0.001029 0.000112 0.000135
1500 0.000847 0.000116 0.000148
1750 0.000704 0.000080 0.000098
2000 0.000619 0.000084 0.000095
2500 0.000495 0.000083 0.000095
3000 0.000413 0.000075 0.000073
4000 0.000333 0.000060 0.000080
5000 0.000284 0.000060 0.000062
6000 0.000262 0.000059 0.000061
7000 0.000235 0.000058 0.000060
8000 0.000218 0.000057 0.000060
9000 0.000210 0.000048 0.000052
10000 0.000198 0.000047 0.000064
20000 0.000153 0.000048 0.000056
30000 0.000137 0.000041 0.000054
40000 0.000129 0.000044 0.000050
50000 0.000123 0.000036 0.000042
60000 0.000115 0.000034 0.000040
70000 0.000116 0.000046 0.000045
80000 0.000108 0.000036 0.000046
90000 0.000106 0.000040 0.000044
100000 0.000100 0.000032 0.000051
