2 0.317203 0.000541 0.000623
4 0.212519 0.000500 0.000466
10 0.130434 0.000329 0.000423
12 0.118177 0.000319 0.000374
20 0.088452 0.000329 0.000354
30 0.070253 0.000297 0.000295
40 0.060126 0.000265 0.000232
50 0.053597 0.000242 0.000276
60 0.048783 0.000238 0.000247
70 0.045070 0.000252 0.000245
80 0.042052 0.000222 0.000273
90 0.039567 0.000208 0.000311
100 0.037428 0.000267 0.000218
128 0.032729 0.000226 0.000256
150 0.029826 0.000213 0.000219
176 0.027055 0.000213 0.000266
200 0.024916 0.000245 0.000189
250 0.021255 0.000217 0.000221
300 0.018467 0.000217 0.000270
400 0.014263 0.000252 0.000237
500 0.011324 0.000256 0.000233
600 0.009202 0.000211 0.000238
700 0.007579 0.000211 0.000261
800 0.006390 0.000238 0.000207
900 0.005463 0.000217 0.000195
1000 0.004726 0.000176 0.000209
1280 0.003351 0.000138 0.000161
1500 0.002716 0.000141 0.000154
1750 0.002219 0.000137 0.000150
2000 0.001872 0.000115 0.000158
2500 0.001458 0.000098 0.000136
3000 0.001196 0.000099 0.000108
4000 0.000917 0.000081 0.000102
5000 0.000781 0.000104 0.000087
6000 0.000688 0.000077 0.000090
7000 0.000622 0.000070 0.000075
8000 0.000573 0.000065 0.000095
9000 0.000536 0.000065 0.000085
10000 0.000511 0.000072 0.000086
20000 0.000376 0.000053 0.000068
30000 0.000323 0.000064 0.000058
40000 0.000294 0.000061 0.000055
50000 0.000273 0.000048 0.000066
