1 0.504131 0.001064 0.000878
2 0.328627 0.000834 0.000722
5 0.196383 0.000476 0.000461
10 0.137652 0.000279 0.000733
20 0.095314 0.000398 0.000242
30 0.075981 0.000313 0.000290
40 0.065106 0.000283 0.000275
50 0.057998 0.000186 0.000194
60 0.053096 0.000249 0.000212
70 0.049278 0.000205 0.000249
80 0.046241 0.000257 0.000264
90 0.043796 0.000365 0.000328
100 0.041690 0.000268 0.000290
200 0.029758 0.000164 0.000186
300 0.023774 0.000141 0.000194
400 0.019725 0.000164 0.000253
500 0.016777 0.000283 0.000246
600 0.014365 0.000164 0.000208
700 0.012400 0.000127 0.000290
800 0.010927 0.000238 0.000253
900 0.009602 0.000216 0.000313
1000 0.008575 0.000372 0.000261
2000 0.003126 0.000119 0.000216
3000 0.001712 0.000149 0.000127
4000 0.001131 0.000089 0.000164
5000 0.000878 0.000141 0.000097
6000 0.000700 0.000127 0.000060
7000 0.000551 0.000104 0.000134
8000 0.000461 0.000104 0.000119
9000 0.000402 0.000097 0.000127
10000 0.000357 0.000119 0.000104
