2 0.338559 0.000374 0.000353
4 0.229547 0.000360 0.000333
10 0.144354 0.000225 0.000267
12 0.131865 0.000233 0.000266
20 0.101422 0.000194 0.000228
30 0.081450 0.000199 0.000221
40 0.069811 0.000164 0.000202
50 0.062320 0.000166 0.000159
60 0.057056 0.000168 0.000156
70 0.053099 0.000168 0.000160
80 0.049986 0.000145 0.000171
90 0.047454 0.000149 0.000174
100 0.045317 0.000143 0.000173
128 0.040796 0.000153 0.000128
150 0.038144 0.000123 0.000141
176 0.035640 0.000138 0.000170
200 0.033769 0.000154 0.000136
250 0.030657 0.000150 0.000149
300 0.028273 0.000155 0.000120
400 0.024750 0.000108 0.000163
500 0.022180 0.000129 0.000183
600 0.020180 0.000135 0.000151
700 0.018524 0.000152 0.000165
800 0.017148 0.000133 0.000164
900 0.015959 0.000137 0.000143
1000 0.014888 0.000146 0.000195
1280 0.012487 0.000150 0.000195
1500 0.011022 0.000153 0.000157
1750 0.009611 0.000160 0.000189
2000 0.008476 0.000189 0.000184
2500 0.006700 0.000178 0.000182
3000 0.005450 0.000169 0.000187
4000 0.003866 0.000138 0.000132
5000 0.002936 0.000122 0.000145
6000 0.002378 0.000108 0.000103
7000 0.001989 0.000104 0.000113
8000 0.001725 0.000095 0.000127
9000 0.001535 0.000079 0.000099
10000 0.001387 0.000096 0.000096
20000 0.000809 0.000062 0.000070
30000 0.000640 0.000061 0.000062
40000 0.000562 0.000048 0.000054
50000 0.000510 0.000051 0.000054
60000 0.000479 0.000055 0.000051
70000 0.000452 0.000045 0.000051
80000 0.000432 0.000051 0.000055
90000 0.000420 0.000054 0.000048
100000 0.000411 0.000056 0.000046
