0 -3729 -1731
1 -3729 -1731
2 -3697 -1699
3 -3695 -1697
4 -3695 -1697
5 -3721 -1723
6 -3705 -1707
7 -3727 -1729
8 -3709 -1711
9 -3707 -1709
10 -3695 -1697
11 -3705 -1707
12 -3707 -1709
13 -3711 -1713
14 -3701 -1703
15 -3717 -1719
16 -3709 -1711
17 -3719 -1721
18 -3715 -1717
19 -3733 -1735
20 -3747 -1749
21 -3725 -1727
22 -3695 -1697
23 -3713 -1715
24 -3721 -1723
25 -3701 -1703
26 -3701 -1703
27 -3713 -1715
28 -3691 -1693
29 -3709 -1711
30 -3701 -1703
31 -3731 -1733
32 -3709 -1711
33 -3709 -1711
34 -3719 -1721
35 -3727 -1729
36 -3689 -1691
37 -3723 -1725
38 -3707 -1709
39 -3713 -1715
40 -3731 -1733
41 -3723 -1725
42 -3691 -1693
43 -3717 -1719
44 -3713 -1715
45 -3709 -1711
46 -3721 -1723
47 -3713 -1715
48 -3719 -1721
49 -3705 -1707
50 -3713 -1715
51 -3721 -1723
52 -3729 -1731
53 -3729 -1731
54 -3727 -1729
55 -3713 -1715
56 -3725 -1727
57 -3723 -1725
58 -3695 -1697
59 -3711 -1713
60 -3713 -1715
61 -3715 -1717
62 -3711 -1713
63 -3713 -1715
64 -3711 -1713
65 -3715 -1717
66 -3691 -1693
67 -3699 -1701
68 -3715 -1717
69 -3711 -1713
70 -3711 -1713
71 -3737 -1739
72 -3703 -1705
73 -3729 -1731
74 -3713 -1715
75 -3711 -1713
76 -3705 -1707
77 -3719 -1721
78 -3709 -1711
79 -3725 -1727
80 -3713 -1715
81 -3715 -1717
82 -3701 -1703
83 -3723 -1725
84 -3727 -1729
85 -3721 -1723
86 -3717 -1719
87 -3717 -1719
88 -3697 -1699
89 -3725 -1727
90 -3713 -1715
91 -3707 -1709
92 -3709 -1711
93 -3725 -1727
94 -3707 -1709
95 -3731 -1733
96 -3703 -1705
97 -3725 -1727
98 -3713 -1715
99 -3709 -1711
100 -3723 -1725
101 -3677 -1679
102 -3719 -1721
103 -3715 -1717
104 -3711 -1713
105 -3701 -1703
106 -3705 -1707
107 -3741 -1743
108 -3719 -1721
109 -3715 -1717
110 -3711 -1713
111 -3703 -1705
112 -3711 -1713
113 -3681 -1683
114 -3687 -1689
115 -3735 -1737
116 -3739 -1741
117 -3713 -1715
118 -3727 -1729
119 -3721 -1723
120 -3721 -1723
121 -3727 -1729
122 -3703 -1705
123 -3717 -1719
124 -3695 -1697
125 -3709 -1711
126 -3703 -1705
127 -3721 -1723
128 -3723 -1725
129 -3707 -1709
130 -3699 -1701
131 -3719 -1721
132 -3719 -1721
133 -3727 -1729
134 -3695 -1697
135 -3703 -1705
136 -3731 -1733
137 -3701 -1703
138 -3705 -1707
139 -3707 -1709
140 -3715 -1717
141 -3693 -1695
142 -3711 -1713
143 -3711 -1713
144 -3707 -1709
145 -3701 -1703
146 -3697 -1699
147 -3703 -1705
148 -3727 -1729
149 -3717 -1719
150 -3731 -1733
151 -3717 -1719
152 -3725 -1727
153 -3719 -1721
154 -3731 -1733
155 -3721 -1723
156 -3717 -1719
157 -3707 -1709
158 -3699 -1701
159 -3713 -1715
160 -3693 -1695
161 -3725 -1727
162 -3705 -1707
163 -3711 -1713
164 -3703 -1705
165 -3721 -1723
166 -3707 -1709
167 -3695 -1697
168 -3723 -1725
169 -3721 -1723
170 -3713 -1715
171 -3719 -1721
172 -3709 -1711
173 -3715 -1717
174 -3711 -1713
175 -3721 -1723
176 -3725 -1727
177 -3719 -1721
178 -3697 -1699
179 -3713 -1715
180 -3721 -1723
181 -3727 -1729
182 -3725 -1727
183 -3717 -1719
184 -3731 -1733
185 -3715 -1717
186 -3699 -1701
187 -3725 -1727
188 -3727 -1729
189 -3715 -1717
190 -3705 -1707
191 -3745 -1747
192 -3727 -1729
193 -3719 -1721
194 -3727 -1729
195 -3737 -1741
196 -3727 -1729
197 -3743 -1745
198 -3725 -1727
199 -3711 -1713
200 -3721 -1723
201 -3717 -1719
202 -3711 -1713
203 -3729 -1731
204 -3717 -1719
205 -3697 -1699
206 -3707 -1709
207 -3725 -1727
208 -3735 -1737
209 -3705 -1707
210 -3723 -1725
211 -3701 -1703
212 -3721 -1723
213 -3715 -1717
214 -3703 -1705
215 -3711 -1713
216 -3725 -1727
217 -3695 -1697
218 -3701 -1703
219 -3715 -1717
220 -3695 -1697
221 -3715 -1717
222 -3707 -1709
223 -3717 -1719
224 -3711 -1713
225 -3719 -1721
226 -3725 -1727
227 -3721 -1723
228 -3713 -1715
229 -3725 -1727
230 -3715 -1717
231 -3713 -1715
232 -3711 -1713
233 -3717 -1719
234 -3689 -1691
235 -3715 -1717
236 -3723 -1725
237 -3709 -1711
238 -3713 -1715
239 -3687 -1689
240 -3713 -1715
241 -3733 -1735
242 -3701 -1703
243 -3705 -1707
244 -3743 -1745
245 -3705 -1707
246 -3705 -1707
247 -3737 -1739
248 -3697 -1699
249 -3709 -1711
250 -3699 -1701
251 -3717 -1719
252 -3719 -1721
253 -3703 -1705
254 -3687 -1689
255 -3731 -1733
256 -3709 -1711
257 -3703 -1705
258 -3713 -1715
259 -3721 -1723
260 -3693 -1695
261 -3731 -1733
262 -3695 -1697
263 -3669 -1671
264 -3739 -1741
265 -3715 -1717
266 -3699 -1701
267 -3689 -1691
268 -3711 -1713
269 -3691 -1693
270 -3689 -1691
271 -3711 -1713
272 -3717 -1719
273 -3695 -1697
274 -3713 -1715
275 -3701 -1703
276 -3705 -1707
277 -3703 -1705
278 -3717 -1719
279 -3697 -1699
280 -3697 -1699
281 -3715 -1717
282 -3693 -1695
283 -3717 -1719
284 -3709 -1711
285 -3693 -1695
286 -3717 -1719
287 -3719 -1721
288 -3733 -1735
289 -3715 -1717
290 -3737 -1739
291 -3725 -1727
292 -3707 -1709
293 -3733 -1735
294 -3685 -1687
295 -3717 -1719
296 -3709 -1711
297 -3705 -1707
298 -3709 -1711
299 -3701 -1703
