0    -10061.0    -4687.0
1    -10051.0    -4677.0
2    -10011.0    -4637.0
3    -10035.0    -4661.0
4    -10045.0    -4671.0
5    -10069.0    -4695.0
6    -10083.0    -4709.0
7    -10057.0    -4683.0
8    -10039.0    -4665.0
9    -10033.0    -4659.0
10    -10065.0    -4691.0
11    -10063.0    -4689.0
12    -10017.0    -4643.0
13    -10051.0    -4677.0
14    -10045.0    -4671.0
15    -10019.0    -4645.0
16    -10049.0    -4675.0
17    -10023.0    -4649.0
18    -10057.0    -4683.0
19    -10035.0    -4661.0
20    -10037.0    -4663.0
21    -10013.0    -4639.0
22    -10017.0    -4643.0
23    -10047.0    -4673.0
24    -10061.0    -4687.0
25    -10017.0    -4643.0
26    -10033.0    -4659.0
27    -10015.0    -4641.0
28    -10065.0    -4691.0
29    -10047.0    -4673.0
30    -10031.0    -4657.0
31    -10003.0    -4629.0
32    -10031.0    -4657.0
33    -10079.0    -4705.0
34    -10067.0    -4693.0
35    -10051.0    -4677.0
36    -10033.0    -4659.0
37    -10027.0    -4653.0
38    -10013.0    -4639.0
39    -10051.0    -4677.0
40    -10083.0    -4709.0
41    -10085.0    -4711.0
42    -10043.0    -4669.0
43    -10041.0    -4667.0
44    -10069.0    -4695.0
45    -10073.0    -4699.0
46    -10053.0    -4679.0
47    -10071.0    -4697.0
48    -10021.0    -4647.0
49    -10061.0    -4687.0
50    -10073.0    -4699.0
51    -10033.0    -4659.0
52    -10029.0    -4655.0
53    -10025.0    -4651.0
54    -10035.0    -4661.0
55    -10051.0    -4677.0
56    -10041.0    -4667.0
57    -10039.0    -4665.0
58    -10057.0    -4683.0
59    -10047.0    -4673.0
60    -10009.0    -4635.0
61    -10043.0    -4669.0
62    -10025.0    -4651.0
63    -10045.0    -4671.0
64    -10027.0    -4653.0
65    -10033.0    -4659.0
66    -10047.0    -4673.0
67    -10033.0    -4659.0
68    -10075.0    -4701.0
69    -10083.0    -4709.0
70    -10001.0    -4627.0
71    -10021.0    -4647.0
72    -10067.0    -4693.0
73    -10041.0    -4667.0
74    -10057.0    -4683.0
75    -10033.0    -4659.0
76    -10025.0    -4651.0
77    -10039.0    -4665.0
78    -10049.0    -4675.0
79    -10021.0    -4647.0
80    -10011.0    -4637.0
81    -10085.0    -4711.0
82    -10021.0    -4647.0
83    -10027.0    -4653.0
84    -10029.0    -4655.0
85    -10055.0    -4681.0
86    -10019.0    -4645.0
87    -10079.0    -4705.0
88    -10039.0    -4665.0
89    -10041.0    -4667.0
90    -10063.0    -4689.0
91    -10001.0    -4627.0
92    -10057.0    -4683.0
93    -10065.0    -4691.0
94    -10075.0    -4701.0
95    -10067.0    -4693.0
96    -10061.0    -4687.0
97    -10055.0    -4681.0
98    -10047.0    -4673.0
99    -10031.0    -4657.0
100    -10059.0    -4685.0
101    -10023.0    -4649.0
102    -10051.0    -4677.0
103    -10047.0    -4673.0
104    -10087.0    -4713.0
105    -10075.0    -4701.0
106    -10049.0    -4675.0
107    -10021.0    -4647.0
108    -10055.0    -4681.0
109    -10053.0    -4679.0
110    -10043.0    -4669.0
111    -10011.0    -4637.0
112    -10039.0    -4665.0
113    -10045.0    -4671.0
114    -10055.0    -4681.0
115    -10053.0    -4679.0
116    -10057.0    -4683.0
117    -10083.0    -4709.0
118    -10027.0    -4653.0
119    -10061.0    -4687.0
120    -10007.0    -4633.0
121    -10039.0    -4665.0
122    -10077.0    -4703.0
123    -10027.0    -4653.0
124    -10075.0    -4701.0
125    -10031.0    -4657.0
126    -10025.0    -4651.0
127    -10051.0    -4677.0
128    -10015.0    -4641.0
129    -10017.0    -4643.0
130    -10041.0    -4667.0
131    -10043.0    -4669.0
132    -10045.0    -4671.0
133    -10047.0    -4673.0
134    -10051.0    -4677.0
135    -10043.0    -4669.0
136    -10087.0    -4713.0
137    -9997.0    -4623.0
138    -10091.0    -4717.0
139    -10057.0    -4683.0
140    -10009.0    -4635.0
141    -10069.0    -4695.0
142    -10017.0    -4643.0
143    -10081.0    -4707.0
144    -10033.0    -4659.0
145    -10061.0    -4687.0
146    -10039.0    -4665.0
147    -10051.0    -4677.0
148    -10033.0    -4659.0
149    -10021.0    -4647.0
150    -10063.0    -4689.0
151    -10037.0    -4663.0
152    -10031.0    -4657.0
153    -10027.0    -4653.0
154    -9999.0    -4625.0
155    -10023.0    -4649.0
156    -10069.0    -4695.0
157    -10023.0    -4649.0
158    -10031.0    -4657.0
159    -10065.0    -4691.0
160    -10015.0    -4641.0
161    -10053.0    -4679.0
162    -10023.0    -4649.0
163    -10035.0    -4661.0
164    -10053.0    -4679.0
165    -10025.0    -4651.0
166    -10033.0    -4659.0
167    -10017.0    -4643.0
168    -10017.0    -4643.0
169    -10011.0    -4637.0
170    -10029.0    -4655.0
171    -10083.0    -4709.0
172    -10031.0    -4657.0
173    -10059.0    -4685.0
174    -10053.0    -4679.0
175    -10053.0    -4679.0
176    -10063.0    -4689.0
177    -10053.0    -4679.0
178    -10015.0    -4641.0
179    -10021.0    -4647.0
180    -10015.0    -4641.0
181    -10057.0    -4683.0
182    -10011.0    -4637.0
183    -10039.0    -4665.0
184    -10007.0    -4633.0
185    -10007.0    -4633.0
186    -10017.0    -4643.0
187    -10057.0    -4683.0
188    -10049.0    -4675.0
189    -10029.0    -4655.0
190    -10023.0    -4649.0
191    -10059.0    -4685.0
192    -10059.0    -4685.0
193    -10027.0    -4653.0
194    -10013.0    -4639.0
195    -10093.0    -4719.0
196    -10073.0    -4699.0
197    -10053.0    -4679.0
198    -10069.0    -4695.0
199    -10085.0    -4711.0
200    -10073.0    -4699.0
201    -10033.0    -4659.0
202    -10071.0    -4697.0
203    -10037.0    -4663.0
204    -10047.0    -4673.0
205    -10037.0    -4663.0
206    -10055.0    -4681.0
207    -10047.0    -4673.0
208    -10029.0    -4655.0
209    -10057.0    -4683.0
210    -10037.0    -4663.0
211    -10029.0    -4655.0
212    -10045.0    -4671.0
213    -10039.0    -4665.0
214    -10035.0    -4661.0
215    -10035.0    -4661.0
216    -10033.0    -4659.0
217    -10029.0    -4655.0
218    -10081.0    -4707.0
219    -10079.0    -4705.0
220    -10043.0    -4669.0
221    -10007.0    -4633.0
222    -10061.0    -4687.0
223    -10061.0    -4687.0
224    -10031.0    -4657.0
225    -10065.0    -4691.0
226    -10065.0    -4691.0
227    -10043.0    -4669.0
228    -10021.0    -4647.0
229    -9997.0    -4623.0
230    -10057.0    -4683.0
231    -10025.0    -4651.0
232    -10041.0    -4667.0
233    -10049.0    -4675.0
234    -10041.0    -4667.0
235    -10053.0    -4679.0
236    -10075.0    -4701.0
237    -10065.0    -4691.0
238    -10065.0    -4691.0
239    -10077.0    -4703.0
240    -10045.0    -4671.0
241    -10021.0    -4647.0
242    -10083.0    -4709.0
243    -10051.0    -4677.0
244    -10077.0    -4703.0
245    -10001.0    -4627.0
246    -10033.0    -4659.0
247    -10063.0    -4689.0
248    -10055.0    -4681.0
249    -10049.0    -4675.0
250    -10069.0    -4695.0
251    -10023.0    -4649.0
252    -10039.0    -4665.0
253    -10045.0    -4671.0
254    -10055.0    -4681.0
255    -10067.0    -4693.0
256    -10041.0    -4667.0
257    -10071.0    -4697.0
258    -10051.0    -4677.0
259    -10005.0    -4631.0
260    -10069.0    -4695.0
261    -10077.0    -4703.0
262    -10059.0    -4685.0
263    -10047.0    -4673.0
264    -10011.0    -4637.0
265    -10031.0    -4657.0
266    -10047.0    -4673.0
267    -10017.0    -4643.0
268    -10093.0    -4719.0
269    -10055.0    -4681.0
270    -10027.0    -4653.0
271    -10021.0    -4647.0
272    -10041.0    -4667.0
273    -10037.0    -4663.0
274    -9985.0    -4611.0
275    -10051.0    -4677.0
276    -10035.0    -4661.0
277    -10029.0    -4655.0
278    -10029.0    -4655.0
279    -10047.0    -4673.0
280    -10013.0    -4639.0
281    -10033.0    -4659.0
282    -10043.0    -4669.0
283    -10027.0    -4653.0
284    -10049.0    -4675.0
285    -10067.0    -4693.0
286    -10047.0    -4673.0
287    -10047.0    -4673.0
288    -10047.0    -4673.0
289    -10033.0    -4659.0
290    -10075.0    -4701.0
291    -10059.0    -4685.0
292    -10023.0    -4649.0
293    -10085.0    -4711.0
294    -10027.0    -4653.0
295    -10025.0    -4651.0
296    -10037.0    -4663.0
297    -10059.0    -4685.0
298    -10025.0    -4651.0
299    -10043.0    -4669.0