0 -1882 -858
1 -1888 -864
2 -1902 -878
3 -1886 -862
4 -1896 -872
5 -1894 -870
6 -1882 -858
7 -1894 -870
8 -1882 -858
9 -1896 -872
10 -1900 -876
11 -1888 -864
12 -1876 -852
13 -1892 -868
14 -1896 -872
15 -1900 -876
16 -1898 -874
17 -1892 -868
18 -1892 -868
19 -1906 -882
20 -1894 -870
21 -1894 -870
22 -1884 -860
23 -1900 -876
24 -1886 -862
25 -1896 -872
26 -1886 -862
27 -1884 -860
28 -1918 -894
29 -1890 -866
30 -1898 -874
31 -1876 -852
32 -1878 -854
33 -1894 -870
34 -1892 -868
35 -1908 -884
36 -1894 -870
37 -1898 -876
38 -1896 -872
39 -1896 -872
40 -1912 -888
41 -1894 -870
42 -1896 -872
43 -1904 -880
44 -1884 -860
45 -1908 -884
46 -1894 -870
47 -1888 -864
48 -1892 -868
49 -1888 -864
50 -1890 -866
51 -1888 -864
52 -1896 -872
53 -1894 -870
54 -1882 -858
55 -1878 -854
56 -1894 -870
57 -1896 -872
58 -1888 -864
59 -1884 -860
60 -1888 -864
61 -1892 -868
62 -1894 -870
63 -1906 -882
64 -1902 -878
65 -1884 -860
66 -1896 -872
67 -1900 -876
68 -1902 -878
69 -1896 -872
70 -1894 -870
71 -1904 -880
72 -1900 -876
73 -1888 -864
74 -1914 -890
75 -1872 -848
76 -1908 -884
77 -1884 -860
78 -1906 -882
79 -1894 -870
80 -1900 -876
81 -1882 -858
82 -1894 -870
83 -1904 -880
84 -1894 -870
85 -1890 -866
86 -1896 -872
87 -1894 -870
88 -1888 -864
89 -1894 -870
90 -1900 -876
91 -1898 -874
92 -1888 -864
93 -1890 -866
94 -1880 -856
95 -1880 -856
96 -1886 -862
97 -1896 -872
98 -1900 -876
99 -1910 -886
100 -1892 -868
101 -1892 -868
102 -1886 -862
103 -1892 -868
104 -1894 -870
105 -1904 -880
106 -1900 -876
107 -1900 -876
108 -1894 -870
109 -1906 -882
110 -1880 -856
111 -1898 -874
112 -1900 -876
113 -1898 -874
114 -1902 -878
115 -1900 -876
116 -1884 -860
117 -1908 -884
118 -1892 -868
119 -1892 -868
120 -1878 -854
121 -1908 -884
122 -1900 -876
123 -1886 -862
124 -1908 -884
125 -1898 -874
126 -1888 -864
127 -1890 -866
128 -1888 -864
129 -1906 -882
130 -1894 -870
131 -1902 -878
132 -1896 -872
133 -1886 -862
134 -1902 -878
135 -1884 -860
136 -1908 -884
137 -1890 -866
138 -1886 -862
139 -1890 -866
140 -1898 -874
141 -1884 -860
142 -1902 -878
143 -1920 -896
144 -1890 -866
145 -1886 -862
146 -1882 -858
147 -1894 -870
148 -1906 -882
149 -1914 -890
150 -1896 -872
151 -1890 -866
152 -1896 -872
153 -1896 -872
154 -1888 -864
155 -1882 -858
156 -1882 -858
157 -1886 -862
158 -1898 -874
159 -1896 -872
160 -1884 -860
161 -1882 -858
162 -1884 -860
163 -1898 -874
164 -1874 -850
165 -1878 -854
166 -1880 -856
167 -1886 -862
168 -1882 -858
169 -1882 -858
170 -1880 -856
171 -1886 -862
172 -1910 -886
173 -1894 -870
174 -1900 -876
175 -1904 -880
176 -1900 -876
177 -1896 -872
178 -1892 -868
179 -1898 -874
180 -1886 -862
181 -1904 -880
182 -1920 -896
183 -1884 -860
184 -1898 -874
185 -1894 -870
186 -1888 -864
187 -1902 -878
188 -1898 -874
189 -1888 -864
190 -1892 -868
191 -1900 -876
192 -1884 -860
193 -1902 -878
194 -1890 -866
195 -1898 -874
196 -1896 -872
197 -1880 -856
198 -1886 -862
199 -1890 -866
200 -1898 -874
201 -1904 -880
202 -1894 -870
203 -1894 -870
204 -1896 -872
205 -1898 -874
206 -1904 -880
207 -1892 -868
208 -1892 -868
209 -1894 -870
210 -1898 -874
211 -1892 -868
212 -1888 -864
213 -1902 -878
214 -1898 -874
215 -1890 -866
216 -1900 -876
217 -1906 -882
218 -1876 -852
219 -1896 -872
220 -1904 -880
221 -1886 -862
222 -1886 -862
223 -1914 -890
224 -1890 -866
225 -1896 -872
226 -1904 -880
227 -1896 -872
228 -1894 -870
229 -1906 -882
230 -1896 -872
231 -1878 -854
232 -1888 -864
233 -1898 -874
234 -1886 -862
235 -1900 -876
236 -1884 -860
237 -1892 -868
238 -1888 -864
239 -1892 -868
240 -1908 -884
241 -1900 -876
242 -1888 -864
243 -1894 -870
244 -1884 -860
245 -1884 -860
246 -1908 -884
247 -1906 -882
248 -1888 -864
249 -1888 -864
250 -1902 -878
251 -1898 -874
252 -1898 -874
253 -1898 -874
254 -1906 -882
255 -1898 -874
256 -1892 -868
257 -1888 -864
258 -1900 -876
259 -1888 -864
260 -1892 -868
261 -1890 -866
262 -1872 -848
263 -1894 -870
264 -1904 -880
265 -1896 -872
266 -1898 -874
267 -1904 -880
268 -1886 -862
269 -1904 -880
270 -1902 -878
271 -1888 -864
272 -1898 -874
273 -1878 -854
274 -1896 -872
275 -1908 -884
276 -1890 -866
277 -1904 -880
278 -1894 -870
279 -1904 -880
280 -1894 -870
281 -1880 -856
282 -1886 -862
283 -1888 -864
284 -1892 -868
285 -1898 -874
286 -1896 -872
287 -1904 -880
288 -1888 -864
289 -1914 -890
290 -1878 -854
291 -1892 -868
292 -1894 -870
293 -1904 -880
294 -1888 -864
295 -1890 -866
296 -1892 -868
297 -1890 -866
298 -1896 -872
299 -1878 -854
