0 0 -7152
1 0 -7150
2 0 -7142
3 0 -7172
4 0 -7194
5 0 -7140
6 0 -7168
7 0 -7116
8 0 -7118
9 0 -7172
10 0 -7188
11 0 -7156
12 0 -7116
13 0 -7166
14 0 -7158
15 0 -7146
16 0 -7116
17 0 -7174
18 0 -7096
19 0 -7162
20 0 -7150
21 0 -7122
22 0 -7160
23 0 -7108
24 0 -7144
25 0 -7136
26 0 -7148
27 0 -7156
28 0 -7116
29 0 -7176
30 0 -7158
31 0 -7164
32 0 -7150
33 0 -7142
34 0 -7160
35 0 -7114
36 0 -7150
37 0 -7142
38 0 -7162
39 0 -7110
40 0 -7120
41 0 -7126
42 0 -7164
43 0 -7156
44 0 -7148
45 0 -7170
46 0 -7168
47 0 -7126
48 0 -7130
49 0 -7106
50 0 -7130
51 0 -7194
52 0 -7132
53 0 -7176
54 0 -7176
55 0 -7218
56 0 -7128
57 0 -7136
58 0 -7138
59 0 -7124
60 0 -7158
61 0 -7158
62 0 -7190
63 0 -7166
64 0 -7136
65 0 -7114
66 0 -7160
67 0 -7152
68 0 -7108
69 0 -7148
70 0 -7128
71 0 -7122
72 0 -7160
73 0 -7152
74 0 -7164
75 0 -7160
76 0 -7170
77 0 -7138
78 0 -7164
79 0 -7174
80 0 -7150
81 0 -7170
82 0 -7138
83 0 -7180
84 0 -7164
85 0 -7114
86 0 -7182
87 0 -7088
88 0 -7128
89 0 -7158
90 0 -7154
91 0 -7176
92 0 -7138
93 0 -7152
94 0 -7142
95 0 -7162
96 0 -7154
97 0 -7186
98 0 -7188
99 0 -7102
100 0 -7166
101 0 -7114
102 0 -7186
103 0 -7188
104 0 -7144
105 0 -7140
106 0 -7146
107 0 -7170
108 0 -7156
109 0 -7174
110 0 -7186
111 0 -7162
112 0 -7216
113 0 -7172
114 0 -7136
115 0 -7164
116 0 -7150
117 0 -7156
118 0 -7142
119 0 -7150
120 0 -7158
121 0 -7152
122 0 -7118
123 0 -7122
124 0 -7166
125 0 -7182
126 0 -7176
127 0 -7106
128 0 -7134
129 0 -7128
130 0 -7146
131 0 -7126
132 0 -7158
133 0 -7146
134 0 -7142
135 0 -7116
136 0 -7152
137 0 -7156
138 0 -7166
139 0 -7148
140 0 -7186
141 0 -7120
142 0 -7132
143 0 -7150
144 0 -7198
145 0 -7146
146 0 -7184
147 0 -7112
148 0 -7128
149 0 -7162
150 0 -7150
151 0 -7186
152 0 -7188
153 0 -7146
154 0 -7114
155 0 -7162
156 0 -7122
157 0 -7150
158 0 -7192
159 0 -7154
160 0 -7102
161 0 -7160
162 0 -7150
163 0 -7156
164 0 -7196
165 0 -7150
166 0 -7102
167 0 -7166
168 0 -7142
169 0 -7132
170 0 -7126
171 0 -7182
172 0 -7160
173 0 -7124
174 0 -7148
175 0 -7210
176 0 -7134
177 0 -7120
178 0 -7174
179 0 -7164
180 0 -7148
181 0 -7166
182 0 -7190
183 0 -7156
184 0 -7148
185 0 -7164
186 0 -7170
187 0 -7150
188 0 -7142
189 0 -7160
190 0 -7160
191 0 -7154
192 0 -7114
193 0 -7156
194 0 -7156
195 0 -7168
196 0 -7154
197 0 -7148
198 0 -7126
199 0 -7124
200 0 -7158
201 0 -7106
202 0 -7192
203 0 -7172
204 0 -7136
205 0 -7140
206 0 -7144
207 0 -7130
208 0 -7146
209 0 -7136
210 0 -7136
211 0 -7140
212 0 -7146
213 0 -7182
214 0 -7136
215 0 -7152
216 0 -7172
217 0 -7166
218 0 -7152
219 0 -7150
220 0 -7160
221 0 -7174
222 0 -7148
223 0 -7132
224 0 -7134
225 0 -7136
226 0 -7154
227 0 -7166
228 0 -7140
229 0 -7144
230 0 -7156
231 0 -7138
232 0 -7180
233 0 -7148
234 0 -7160
235 0 -7130
236 0 -7122
237 0 -7136
238 0 -7180
239 0 -7140
240 0 -7166
241 0 -7118
242 0 -7172
243 0 -7152
244 0 -7116
245 0 -7154
246 0 -7130
247 0 -7156
248 0 -7134
249 0 -7130
250 0 -7088
251 0 -7158
252 0 -7152
253 0 -7170
254 0 -7174
255 0 -7140
256 0 -7142
257 0 -7176
258 0 -7138
259 0 -7170
260 0 -7160
261 0 -7128
262 0 -7122
263 0 -7158
264 0 -7140
265 0 -7170
266 0 -7160
267 0 -7154
268 0 -7146
269 0 -7126
270 0 -7212
271 0 -7102
272 0 -7124
273 0 -7164
274 0 -7128
275 0 -7114
276 0 -7132
277 0 -7128
278 0 -7164
279 0 -7156
280 0 -7170
281 0 -7150
282 0 -7152
283 0 -7136
284 0 -7140
285 0 -7124
286 0 -7132
287 0 -7164
288 0 -7160
289 0 -7148
290 0 -7192
291 0 -7144
292 0 -7200
293 0 -7150
294 0 -7130
295 0 -7128
296 0 -7110
297 0 -7170
298 0 -7154
299 0 -7140
