0 0 -3002
1 0 -3012
2 0 -2992
3 0 -2994
4 0 -2978
5 0 -2980
6 0 -2982
7 0 -2974
8 0 -3010
9 0 -3000
10 0 -2970
11 0 -3004
12 0 -2980
13 0 -2980
14 0 -2992
15 0 -2996
16 0 -2950
17 0 -3000
18 0 -2972
19 0 -3016
20 0 -2992
21 0 -3012
22 0 -2964
23 0 -2984
24 0 -2986
25 0 -3004
26 0 -3000
27 0 -3014
28 0 -3028
29 0 -3002
30 0 -3006
31 0 -2986
32 0 -2990
33 0 -2982
34 0 -2970
35 0 -2982
36 0 -2992
37 0 -2994
38 0 -2984
39 0 -2976
40 0 -2972
41 0 -3004
42 0 -2978
43 0 -3008
44 0 -3010
45 0 -2958
46 0 -2986
47 0 -2960
48 0 -3014
49 0 -3018
50 0 -2994
51 0 -2990
52 0 -2994
53 0 -2982
54 0 -2982
55 0 -2980
56 0 -2986
57 0 -2990
58 0 -3016
59 0 -2980
60 0 -2972
61 0 -2994
62 0 -3006
63 0 -2968
64 0 -2990
65 0 -2978
66 0 -2960
67 0 -2990
68 0 -2992
69 0 -2984
70 0 -3000
71 0 -3022
72 0 -2974
73 0 -2970
74 0 -3002
75 0 -3006
76 0 -2992
77 0 -3002
78 0 -3034
79 0 -3032
80 0 -2988
81 0 -3014
82 0 -2986
83 0 -2986
84 0 -3008
85 0 -2972
86 0 -2992
87 0 -2984
88 0 -2980
89 0 -3004
90 0 -2998
91 0 -2988
92 0 -3014
93 0 -2968
94 0 -2972
95 0 -2990
96 0 -2952
97 0 -3018
98 0 -3006
99 0 -2986
100 0 -3006
101 0 -3000
102 0 -2998
103 0 -2992
104 0 -3006
105 0 -3008
106 0 -2996
107 0 -3016
108 0 -2980
109 0 -2984
110 0 -2998
111 0 -2996
112 0 -2998
113 0 -3012
114 0 -2984
115 0 -2980
116 0 -3008
117 0 -2974
118 0 -2958
119 0 -3010
120 0 -2972
121 0 -2984
122 0 -3006
123 0 -3004
124 0 -2966
125 0 -3000
126 0 -2998
127 0 -3006
128 0 -2990
129 0 -3012
130 0 -2988
131 0 -3004
132 0 -2990
133 0 -2990
134 0 -2998
135 0 -2982
136 0 -3002
137 0 -2978
138 0 -3002
139 0 -2986
140 0 -2962
141 0 -2986
142 0 -3004
143 0 -2992
144 0 -2986
145 0 -3010
146 0 -2994
147 0 -2976
148 0 -2982
149 0 -2984
150 0 -2984
151 0 -2970
152 0 -2970
153 0 -2978
154 0 -3016
155 0 -3004
156 0 -2976
157 0 -2994
158 0 -3008
159 0 -2968
160 0 -2990
161 0 -2990
162 0 -3012
163 0 -2980
164 0 -2976
165 0 -3006
166 0 -2998
167 0 -2986
168 0 -2974
169 0 -2992
170 0 -3008
171 0 -2976
172 0 -3020
173 0 -2992
174 0 -2994
175 0 -3034
176 0 -2990
177 0 -2986
178 0 -2988
179 0 -3002
180 0 -2988
181 0 -3002
182 0 -3004
183 0 -2982
184 0 -2994
185 0 -2988
186 0 -2988
187 0 -2972
188 0 -2988
189 0 -3002
190 0 -2988
191 0 -3010
192 0 -3004
193 0 -3000
194 0 -2996
195 0 -2990
196 0 -3014
197 0 -2982
198 0 -2984
199 0 -2992
200 0 -2994
201 0 -3012
202 0 -3012
203 0 -3000
204 0 -3010
205 0 -2976
206 0 -2988
207 0 -2976
208 0 -2986
209 0 -2948
210 0 -3008
211 0 -3008
212 0 -2992
213 0 -2978
214 0 -2972
215 0 -3002
216 0 -3014
217 0 -2996
218 0 -2974
219 0 -2982
220 0 -3018
221 0 -3002
222 0 -3004
223 0 -2986
224 0 -2996
225 0 -3002
226 0 -3010
227 0 -2984
228 0 -2996
229 0 -2974
230 0 -2978
231 0 -3018
232 0 -3020
233 0 -3000
234 0 -2978
235 0 -2980
236 0 -2998
237 0 -3012
238 0 -2960
239 0 -2996
240 0 -2972
241 0 -2984
242 0 -2990
243 0 -2980
244 0 -2994
245 0 -2986
246 0 -2966
247 0 -2990
248 0 -2988
249 0 -2982
250 0 -3002
251 0 -3016
252 0 -2942
253 0 -3002
254 0 -2998
255 0 -2990
256 0 -2976
257 0 -2990
258 0 -2984
259 0 -2996
260 0 -2988
261 0 -3008
262 0 -2998
263 0 -2998
264 0 -3000
265 0 -2980
266 0 -2992
267 0 -2980
268 0 -2992
269 0 -2976
270 0 -2984
271 0 -2994
272 0 -2996
273 0 -2958
274 0 -2968
275 0 -2982
276 0 -2976
277 0 -3016
278 0 -2968
279 0 -3014
280 0 -3004
281 0 -2992
282 0 -2978
283 0 -3004
284 0 -3002
285 0 -2986
286 0 -3014
287 0 -3024
288 0 -2982
289 0 -2972
290 0 -2992
291 0 -2984
292 0 -2994
293 0 -2988
294 0 -3004
295 0 -2972
296 0 -2994
297 0 -3010
298 0 -2992
299 0 -2974
